RICCIARDO
844.31,2
78.561,0
71.9,1
71.67599,1
80.473,1
92.932,2
1702.41,0
76.312,1
71.718,1
84.22599,1
80.88,2
953.94,0
73.298,1
73.628,1
73.429,1
73.629,1
73.62099,1
73.35001,1
73.443,1
73.976,1
74.69099,1
73.961,1
73.945,1
74.189,1
74.512,1
76.139,1
74.78999,1
75.486,1
74.892,1
74.046,1
75,1
74.203,1
73.61,1
73.73199,1
77.72499,1
73.882,1
102.965,1
135.633,2
VETTEL
841.27,2
73.584,0
71.935,1
72.084,1
71.335,1
70.944,1
70.711,1
81.8,2
603.58,0
71.87701,1
70.77399,1
72.95801,1
70.298,1
80.41801,2
113.085,2
815.36,0
69.6,1
79.456,1
69.828,1
77.203,1
78.745,1
85.749,2
112.172,2
571.063,0
73.053,1
72.84701,1
72.299,1
98.95,2
ROSBERG
845.4,2
75.633,0
70.368,1
76.81801,1
74.473,1
70.356,1
76.423,1
70.34,1
71.118,1
77.43,1
70.34,1
76.699,2
121.929,2
115.71,2
831.2,0
74.48901,1
69.611,1
86.79599,1
75.486,1
77.486,2
767.06,0
73.741,1
73.538,1
73.23399,1
73.101,1
72.464,1
72.885,1
72.84901,1
73.927,1
73.386,1
73.02,1
73.063,1
73.425,1
73.138,1
72.971,1
74.297,1
73.23,1
73.156,1
74.653,1
73.045,1
77.35101,2
90.34,0
77.091,1
72.202,1
72.159,1
73.256,1
77.154,2
122.818,0
105.757,1
124.551,2
RAIKKONEN
841.55,2
71.259,0
76.116,1
70.298,1
79.513,2
99.685,2
1236.2,0
69.86,1
76.982,1
72.941,1
77.326,1
97.545,2
971.12,2
94.554,0
72.95901,1
72.90701,1
72.83,1
73.26599,1
72.506,1
73.744,1
72.69299,1
74.12499,1
72.48701,1
72.914,1
72.955,1
73.846,1
75.109,1
73.181,1
73.16399,1
72.769,1
72.951,1
73.155,1
72.842,1
73.71,1
73.76399,1
73.105,1
72.824,1
76.58,2
454.824,0
92.75999,1
118.144,2
GROSJEAN
842.31,2
74.21,0
75.396,1
71.682,1
71.333,1
72.311,1
71.09399,1
70.955,1
77.08801,1
70.98801,1
70.767,1
83.283,2
1139.3,0
72.063,1
78.446,1
77.212,1
70.58701,1
77.041,1
70.267,1
77.068,1
76.528,2
984.11,0
81.51801,1
73.759,1
73.198,1
73.041,1
73.342,1
73.431,1
75.003,1
74.42,1
73.486,1
73.406,1
74.09499,1
78.1,2
818.94,0
77.698,1
100.541,1
138.039,2
ERICSSON
841.29,2
77.87701,0
72.35001,1
80.1,1
84.269,1
72.073,1
83.238,1
72.06,1
86.80801,2
1195.31,0
70.744,1
85.438,1
71.23,1
86.58,2
1119.32,0
74.586,1
74.87,1
74.365,1
74.532,1
73.864,1
73.801,1
73.785,1
75.05701,1
73.865,1
76.329,1
73.935,1
86.106,2
419.968,0
73.95801,1
74.35801,1
74.891,1
73.70399,1
73.868,1
73.783,1
73.69199,1
73.328,1
73.81801,1
73.55,1
108.968,1
119.654,2
PEREZ
843.13,2
72.183,0
73.03,1
71.83701,1
80.408,1
76.49599,1
73.87701,1
82.185,2
746.95,0
71.68999,1
74.816,1
71.637,1
74.374,1
71.484,1
74.81001,1
79.323,2
663.46,0
70.585,1
81.553,1
79.31901,1
77.491,2
809.52,0
73.804,1
73.514,1
73.521,1
73.27399,1
74.953,1
73.649,1
74.513,1
75.83701,1
74.434,1
75.673,1
73.84701,1
73.684,1
73.931,1
74.103,1
74.393,1
74.137,1
78.189,2
94.201,0
73.616,1
73.333,1
73.312,1
74.30901,1
99.679,1
116.536,2
NASR
841.33,2
83.155,0
79.905,1
72.52399,1
79.711,1
77.451,1
84.312,1
72.039,1
83.282,2
1657.46,0
70.495,1
78.02,1
71.76499,1
84.078,2
1102.54,0
74.684,1
73.813,1
73.769,1
73.92,1
74.37901,1
73.866,1
76.446,1
73.62299,1
73.708,1
73.934,1
73.542,1
73.729,1
73.77,1
74.97701,1
80.74,2
111.154,0
73.402,1
73.69599,1
74.53,1
73.514,1
74.59499,1
76.368,1
104.508,1
139.78,2
MALDONADO
843.29,2
72.546,0
71.8,1
77.553,1
71.38701,1
78.02299,1
71.287,1
71.209,1
77.322,1
71.155,1
84.26399,2
1065.08,0
70.43,1
77.31801,1
74.324,1
76.107,1
76.402,1
69.914,1
85.739,2
1189.41,0
74.336,1
73.40701,1
73.684,1
73.75999,1
74.501,1
73.856,1
73.648,1
74.141,1
74.187,1
73.911,1
73.738,1
73.76299,1
73.90701,1
73.95,1
74.641,1
74.441,1
74.361,1
74.384,1
74.534,1
112.813,1
89.33,2
102.414,0
93.88701,1
121.08,2
ALONSO
846.01,2
74.452,0
76.22499,1
72.55701,1
72.116,1
83.499,1
76.505,1
71.51701,1
83.644,2
1287.9,0
72.516,1
72.22299,1
76.628,1
72.312,1
82.277,2
105.966,2
103.738,2
MASSA
852.18,2
71.644,0
76.19099,1
75.905,1
71.374,1
71.011,1
74.941,1
73.015,1
75.179,2
1284.61,0
76.655,1
75.642,1
81.542,1
76.829,2
689.62,0
74.362,1
73.355,1
73.052,1
72.824,1
72.952,1
74.44,1
73.446,1
73.634,1
72.609,1
72.58701,1
72.425,1
72.285,1
72.997,1
72.653,1
73.34901,1
73.436,1
73.133,1
73.346,1
73.083,1
73.16399,1
73.13,1
73.137,1
73.046,1
73.04,1
73.174,1
100.388,1
112.602,2
BUTTON
843.29,2
99.84901,0
73.219,1
72.303,1
79.34701,1
75.241,1
72.257,1
82.786,2
686.44,2
99.215,0
72.716,1
75.356,1
71.91901,1
80.61,2
880.98,0
76.69199,1
91.08701,2
KVYAT
843.4,2
77.556,0
81.575,1
72.073,1
76.82,1
71.599,1
71.371,1
81.151,2
114.168,0
74.991,1
74.872,1
79.112,2
1244,0
75.981,1
70.686,1
79.97701,1
70.742,1
81.20499,2
666.6,0
74.09,1
73.26499,1
73.258,1
74.01,1
73.834,1
73.482,1
73.34801,1
73.699,1
73.495,1
73.472,1
76.95701,2
98.346,0
73.709,1
73.95701,1
74.055,1
74.81901,1
73.83701,1
73.727,1
73.652,1
73.45801,1
73.813,1
73.569,1
73.632,1
73.501,1
73.75,1
73.72099,1
76.118,1
100.505,1
119.558,2
HULKENBERG
842.22,2
77.031,0
71.984,1
71.826,1
78.61,1
71.59,1
77.216,2
705.68,0
72.078,1
71.53,1
72.893,1
71.686,1
71.511,1
74.516,1
71.346,1
77.655,2
613.61,0
70.16,1
78.924,1
84.097,1
70.898,1
77.88901,2
794.18,0
74.029,1
73.607,1
73.582,1
73.433,1
77.602,1
73.509,1
73.73499,1
74.16,1
74.22099,1
73.645,1
73.553,1
73.69299,1
73.574,1
73.841,1
73.813,1
74.272,1
77.969,2
91.161,0
73.529,1
73.47,1
73.251,1
73.681,1
77.363,1
73.62099,1
99.938,1
STEVENS
841.48,2
80.76599,0
74.603,1
79.828,1
73.982,1
84.549,2
1380.29,0
79.037,1
72.522,1
80.803,1
83.326,1
80.586,2
1696.5,0
78.432,1
77.45901,1
77.87,1
77.09599,1
76.585,1
77.62199,1
76.629,1
77.84801,1
78.001,1
76.902,1
77.673,1
77.896,1
76.69399,1
76.467,1
76.31001,1
76.071,1
80.097,2
96.961,0
77.01701,1
92.01701,1
106.887,2
VERSTAPPEN
843.33,2
71.835,0
82.862,1
82.85001,1
71.07,1
79.396,1
71.151,1
79.94901,1
70.95,1
81.604,1
80.009,2
1172.73,0
71.953,1
79.739,1
70.356,1
81.72199,1
73.365,1
82.72099,1
77.72299,2
807.38,0
74.324,1
73.468,1
73.831,1
74.111,1
73.55801,1
73.789,1
74.015,1
73.821,1
73.98701,1
74.027,1
74.561,1
74.26599,1
74.404,1
74.633,1
74.556,1
78.485,2
100.137,2
92.48801,0
74.41,1
73.53,1
73.086,1
72.873,1
73.786,1
72.834,1
73.717,1
72.938,1
99.72599,1
143.913,2
HAMILTON
841.42,2
77.503,0
71.155,1
76.134,1
74.036,1
70.73199,1
77.029,1
70.361,1
78.672,1
73.68,1
70.137,1
78.27,2
119.993,2
1160.97,0
81.141,1
75.434,1
73.412,1
71.12299,1
94.463,1
76.366,1
78.06,2
658.33,0
73.179,1
73.187,1
72.463,1
72.478,1
73.313,1
72.98701,1
77.814,1
72.647,1
72.79599,1
72.729,1
72.902,1
76.478,1
76.69199,1
73.835,1
74.494,1
78.243,2
131.407,2
139.414,2
92.55901,0
73.94901,1
72.77399,1
72.619,1
76.207,1
78.899,1
74.699,1
98.815,1
120.123,2
SAINZ
843.47,2
77.019,0
83.80701,1
72.043,1
79.005,1
71.585,1
81.54,1
82.23,1
71.801,1
78.437,1
83.804,2
1202.8,0
77.659,1
71.141,1
79.784,1
70.631,1
80.955,1
93.328,1
84.634,1
78.804,2
540.83,0
73.866,1
73.599,1
73.173,1
73.932,1
73.631,1
73.548,1
73.84701,1
73.576,1
74.102,1
74.26299,1
75.922,1
73.999,1
74.171,1
73.70599,1
73.578,1
74.599,1
73.98801,1
73.782,1
74.21,1
74.537,1
78.345,2
92.101,0
73.215,1
72.77399,1
73.169,1
72.952,1
72.8,1
98.27399,1
111.905,2
BOTTAS
854.25,2
71.343,0
84.931,1
71.084,1
70.74599,1
70.782,1
83.31001,2
1339.17,0
93.501,2
570.616,0
71.068,1
79.62099,1
70.799,1
71.009,1
83.934,2
517.9941,0
73.19499,1
75.14,1
74.801,1
73.26299,1
72.921,1
72.883,1
75.91701,2
92.372,0
73.335,1
72.893,1
72.589,1
72.481,1
73.237,1
73.153,1
73.85901,1
77.59499,1
96.115,1
MERHI
841.3,2
79.906,0
75.099,1
75.038,1
85.441,1
74.59399,1
74.052,1
73.924,1
80.41701,2
1140.85,0
79.039,1
81.34801,1
73.09399,1
80.553,1
73.152,1
86.227,2
1558.78,0
76.716,1
75.679,1
75.462,1
77.685,1
126.33,2
430.808,0
80.178,1
77.88701,1
75.606,1
75.656,1
75.7,1
80.41,2
102.301,0
76.574,1
77.712,1
92.68,1
145.75,2
