RICCIARDO
966.03,2
143.889,0
132.122,1
96.675,1
95.092,1
94.81001,1
94.42,1
94.51,1
94.213,1
94.23599,1
94.037,1
94.029,1
93.991,1
94.354,1
94.629,1
94.082,1
94.34,1
94.963,1
94.456,1
94.288,1
94.688,1
94.649,1
113.8,2
99.811,0
93.836,1
93.76099,1
93.543,1
93.574,1
93.102,1
92.939,1
93.207,1
93.139,1
93.128,1
93.167,1
93.005,1
93.063,1
92.934,1
92.9,1
93.231,1
93.172,1
93.003,1
93.03,1
93.045,1
93.37701,1
94.615,1
92.797,1
93.253,1
94.021,1
94.011,1
93.12099,1
93.68999,1
93.22399,1
93.332,1
93.342,1
93.934,1
98.23399,1
96.576,1
VETTEL
966,2
144.069,0
133.846,1
95.361,1
94.027,1
93.438,1
93.197,1
93.754,1
92.991,1
93.074,1
93.49,1
93.597,1
93.513,1
93.374,1
93.853,1
93.173,1
93.229,1
93.146,1
93.168,1
93.145,1
92.85901,1
92.30701,1
92.66399,1
111.263,2
98.543,0
92.115,1
92.429,1
92.67,1
92.432,1
92.51801,1
92.698,1
92.443,1
92.3,1
92.856,1
92.633,1
92.567,1
92.456,1
92.51801,1
93.729,1
92.644,1
92.673,1
92.653,1
92.129,1
92.334,1
92.288,1
92.054,1
92.259,1
92.037,1
92.127,1
91.754,1
91.578,1
91.45701,1
91.492,1
91.84701,1
91.719,1
91.478,1
91.717,1
93.383,1
ROSBERG
965.56,2
145.242,0
134.42,1
94.638,1
93.068,1
92.371,1
92.827,1
92.46,1
92.38,1
92.572,1
93.184,1
92.65,1
92.752,1
92.93,1
93.576,1
92.324,1
92.3,1
92.365,1
92.243,1
92.42599,1
92.454,1
93.011,1
92.94801,1
93.048,1
93.964,1
111.568,2
98.552,0
92.092,1
92.108,1
91.754,1
91.609,1
91.737,1
91.66,1
92.981,1
91.77499,1
91.355,1
91.61,1
91.573,1
91.56499,1
91.798,1
91.4,1
91.493,1
91.259,1
92.243,1
91.231,1
91.31901,1
91.092,1
91.332,1
91.141,1
91.384,1
91.443,1
91.678,1
91.688,1
91.411,1
91.372,1
91.366,1
91.189,1
91.146,1
RAIKKONEN
966.04,2
143.867,0
131.256,1
97.23,1
95.071,1
94.684,1
94.12599,1
94.26399,1
94.239,1
94.22199,1
94.061,1
93.999,1
93.898,1
94.582,1
94.486,1
117.6,2
99.215,0
91.96,1
93.242,1
92.112,1
92.009,1
92.19399,1
92.335,1
94.015,1
92.322,1
92.881,1
91.681,1
91.952,1
92.053,1
91.585,1
91.94701,1
91.52299,1
92.003,1
92.999,1
92.154,1
91.42599,1
91.697,1
91.759,1
92.31001,1
111.054,2
GROSJEAN
ERICSSON
966.19,2
133.281,0
129.284,1
98.42599,1
96.659,1
94.748,1
94.755,1
94.677,1
94.91701,1
95.035,1
94.845,1
94.577,1
94.65,1
95.228,1
95.184,1
94.728,1
94.686,1
94.369,1
94.741,1
95.006,1
95.13599,1
94.637,1
95.197,1
96.055,1
96.969,1
118.722,2
101.614,0
93.72399,1
93.564,1
93.866,1
93.453,1
93.258,1
93.463,1
93.323,1
94.02499,1
94.115,1
93.841,1
94.202,1
96.198,1
94.112,1
94.785,1
94.061,1
120.55,2
100.817,0
92.101,1
91.6,1
91.981,1
91.931,1
91.911,1
91.727,1
91.56,1
92.72099,1
93.613,1
93.364,1
92.469,1
92.49,1
92.143,1
PEREZ
966.06,2
144.532,0
130.016,1
100.153,1
97.22599,1
96.967,1
98.563,1
95.41,1
96.09599,1
96.174,1
95.801,1
97.405,1
96.23199,1
103.446,1
95.629,1
95.38,1
95.65701,1
95.395,1
95.803,1
95.217,1
95.685,1
95.66299,1
95.245,1
95.783,1
95.442,1
95.712,1
96.34901,1
96.69199,1
95.863,1
95.09,1
95.046,1
95.675,1
96.66599,1
96.423,1
95.76399,1
95.81701,1
94.871,1
120.409,2
99.395,0
91.995,1
92.02499,1
92.552,1
93.201,1
92.35901,1
92.27399,1
91.95901,1
92.12499,1
92.335,1
92.212,1
92.69599,1
92.56,1
92.94801,1
93.392,1
93.25999,1
93.72399,1
95.745,1
94.997,1
NASR
966.02,2
143.809,0
132.364,1
96.284,1
95.148,1
94.76099,1
94.26299,1
94.505,1
94.33,1
94.16399,1
93.945,1
94.047,1
94.211,1
94.18,1
94.385,1
93.59599,1
93.549,1
93.85001,1
93.745,1
94.118,1
94.248,1
93.72199,1
94.26399,1
94.091,1
114.815,2
100.836,0
92.76599,1
92.931,1
93.376,1
93.45901,1
93.466,1
93.585,1
93.385,1
93.23399,1
93.88701,1
93.435,1
93.22099,1
93.019,1
93.429,1
93.127,1
92.739,1
92.855,1
92.905,1
93.05801,1
93.44,1
92.612,1
92.632,1
93.013,1
93.188,1
93.76599,1
93.91901,1
93.797,1
94.053,1
93.015,1
92.788,1
93.371,1
93.95701,1
96.63,1
MALDONADO
MASSA
965.58,2
144.418,0
134.436,1
95.15,1
93.928,1
93.47,1
93.20499,1
93.576,1
93.212,1
93.054,1
93.171,1
93.484,1
93.355,1
93.354,1
93.51701,1
93.247,1
93.159,1
93.245,1
93.19499,1
93.141,1
111.561,2
98.94701,0
94.555,1
92.072,1
93.042,1
92.58,1
93.05901,1
93.21999,1
93.118,1
92.91,1
92.755,1
92.813,1
92.77599,1
92.85701,1
92.612,1
92.607,1
92.29299,1
92.444,1
92.91,1
92.77599,1
92.747,1
92.35801,1
92.141,1
92.091,1
91.94701,1
92.27299,1
92.073,1
91.802,1
91.931,1
91.719,1
91.85901,1
91.85701,1
92.289,1
91.784,1
91.944,1
91.753,1
92,1
92.35801,1
BUTTON
966.07,2
144.513,0
129.601,1
98.571,1
97.812,1
96.461,1
96.027,1
96.674,1
96.37801,1
96.925,1
96.41801,1
97.36,1
96.187,1
97.545,1
96.67599,1
96.243,1
96.328,1
95.995,1
96.16299,1
96.138,1
96.19299,1
96.217,1
95.643,1
95.569,1
95.44801,1
95.845,1
115.831,2
101.542,0
94.964,1
94.898,1
95.92599,1
96.94701,1
95.934,1
96.961,1
95.42,1
94.893,1
95.12399,1
94.945,1
95.133,1
94.86,1
95.02399,1
96.083,1
95.475,1
98.364,1
95.414,1
94.52599,1
94.727,1
94.512,1
95.167,1
97.88,1
95.804,1
95.688,1
95.542,1
95.344,1
94.24,1
93.33801,1
KVYAT
HULKENBERG
966.05,2
144.593,0
129.971,1
97.991,1
95.944,1
95.314,1
95.16399,1
95.427,1
94.908,1
95.05701,1
95.027,1
94.72099,1
94.772,1
94.82,1
95.115,1
94.73399,1
94.76499,1
94.71,1
94.815,1
94.98701,1
112.768,2
99.484,0
93.521,1
93.85701,1
94.403,1
94.608,1
94.31701,1
94.385,1
94.415,1
94.366,1
94.287,1
94.215,1
94.012,1
94.27599,1
93.759,1
94.16299,1
93.869,1
93.98,1
94.013,1
93.956,1
94.363,1
94.132,1
97.5,1
111.359,2
100.857,0
92.24,1
92.27299,1
91.97,1
91.975,1
92.071,1
92.406,1
93.116,1
92.731,1
92.521,1
92.95,1
92.67599,1
93.33,1
VERSTAPPEN
966.05,2
143.966,0
130.745,1
97.782,1
95.73499,1
95.37,1
95.04,1
95.169,1
94.72099,1
95.15701,1
95.12599,1
95.029,1
94.58801,1
95.034,1
94.982,1
94.439,1
94.301,1
94.535,1
94.842,1
94.68999,1
94.546,1
94.641,1
94.47701,1
94.482,1
94.805,1
94.717,1
95.09599,1
94.66299,1
94.529,1
94.29499,1
94.829,1
114.11,2
HAMILTON
965.55,2
146.005,0
133.785,1
93.493,1
92.76499,1
92.685,1
92.59299,1
92.899,1
92.933,1
92.911,1
92.742,1
92.432,1
92.491,1
93.033,1
93.177,1
92.45801,1
92.148,1
92.462,1
92.34701,1
92.306,1
91.94,1
92.405,1
92.79099,1
92.925,1
111.204,2
99.012,0
93.021,1
93.241,1
92.824,1
92.005,1
91.67599,1
91.953,1
91.875,1
93.071,1
91.995,1
91.562,1
91.514,1
91.134,1
91.208,1
91.825,1
91.34701,1
91.982,1
91.541,1
91.69299,1
91.229,1
91.177,1
91.649,1
91.22399,1
91.02299,1
90.945,1
91.804,1
92.242,1
91.708,1
91.27299,1
91.35801,1
90.993,1
91.4,1
91.645,1
SAINZ
966.01,2
143.584,0
133.584,1
97.66199,1
95.19499,1
94.55701,1
95.41701,1
94.392,1
94.604,1
94.35001,1
94.58801,1
94.561,1
94.846,1
94.74,1
94.708,1
94.23399,1
94.313,1
94.522,1
94.23199,1
94.69599,1
94.3,1
94.799,1
94.933,1
146.974,2
100.615,0
93.22599,1
93.081,1
93.462,1
94.067,1
93.56599,1
93.70599,1
94.073,1
96.786,1
95.504,1
95.64,1
95.828,1
95.719,1
95.781,1
94.286,1
96.271,1
93.544,1
93.428,1
93.971,1
93.529,1
93.45901,1
93.869,1
93.57,1
93.229,1
92.872,1
93.02399,1
93.074,1
93.646,1
93.44901,1
94.97701,1
93.366,1
94.074,1
95.328,1
