VETTEL
853.38,2
342.372,0
75.578,1
83.869,1
77.654,1
75.01801,1
85.804,1
74.788,1
87.62499,2
891.24,0
73.82,1
82.697,1
73.333,1
90.986,2
746.9301,0
76.38801,1
77.092,1
76.682,1
639.16,1
77.52499,1
512.624,1
76.748,1
76.279,1
75.993,1
77.046,1
104.607,2
RICCIARDO
861.25,2
74.499,0
74.384,1
85.011,1
73.546,1
92.39,2
722.73,0
72.956,1
90.932,1
78.27299,2
1048.63,0
75.781,1
75.607,1
76.52399,1
1094.42,1
76.229,1
79.31901,1
75.484,1
81.63599,1
75.26499,1
88.73599,1
115.892,2
ROSBERG
851.45,2
83.682,0
76.88701,1
360.54,1
74.681,1
101.246,1
73.572,1
102.082,1
79.914,1
104.296,1
83.452,1
73.27499,1
83.175,2
658.42,0
72.12299,1
91.729,1
80.49599,2
586.113,2
121.155,0
76.371,1
75.90701,1
76.05801,1
76.66299,1
677.4901,1
407.121,1
76.076,1
75.685,1
75.686,1
75.842,1
75.73499,1
77.27299,1
109.266,1
113.698,2
RAIKKONEN
850.45,2
83.371,0
95.443,2
364.52,0
74.981,1
83.17,1
74.207,1
81.074,1
90.22599,2
126.9,2
674.96,0
74.005,1
80.61,1
78.056,1
73.969,1
85.512,2
430.558,0
72.69599,1
80.429,1
79.553,1
99.445,2
1025.72,2
392.411,0
76.552,1
75.823,1
76.197,1
82.783,2
109.744,0
76.229,1
112.776,1
95.94801,2
GROSJEAN
842.46,2
76.001,0
81.592,1
84.535,1
84.436,1
79.898,1
78.822,1
82.26299,1
91.38901,2
833.37,0
74.73299,1
82.65701,1
79.439,1
79.25999,1
79.115,1
88.27,1
75.23599,1
90.056,2
630.57,0
79.952,1
73.714,1
83.315,1
79.23199,1
73.974,1
82.253,1
91.381,2
1074.8,0
374.585,1
77.473,1
77.697,1
77.399,1
79.718,1
78.825,1
79.62599,1
100.326,2
126.509,2
PEREZ
MALDONADO
844.09,2
75.467,0
84.599,1
80.159,1
79.739,1
90.72199,2
845.96,0
77.462,1
80.647,1
74.24599,1
81.924,1
77.183,1
91.271,2
809.83,0
73.944,1
83.27499,1
73.497,1
89.35201,2
640.96,0
77.84,1
77.29099,1
652.9301,1
390.756,1
77.244,1
77.178,1
77.116,1
77.56599,1
78.043,1
78.11,1
101.981,1
106.77,2
ALONSO
860.17,2
75.522,0
84.655,1
80.28,1
74.436,1
81.685,1
79.467,1
82.021,1
73.98801,1
92.364,2
120.797,2
805.21,0
73.29099,1
84.114,1
73.12199,1
93.503,2
464.637,2
119.245,2
107.939,0
MASSA
862.36,2
75.034,0
82.44801,1
74,1
84.365,1
74.098,1
87.586,2
111.034,2
884.51,0
73.247,1
86.789,1
73.099,1
87.835,1
81.73199,2
112.892,2
1236.47,0
374.048,1
76.513,1
77.12,1
77.80701,1
79.147,1
84.985,2
100.181,0
111.857,1
107.947,2
MAGNUSSEN
845.09,2
76.435,0
85.553,1
75.23199,1
86.597,1
75.552,1
89.713,2
531.756,0
75.613,1
84.677,1
75.106,1
83.9,1
74.555,1
88.80801,2
916.52,0
73.479,1
86.85801,1
73.76399,1
92.16299,2
540.54,0
78.63599,1
83.16399,2
100.961,0
1150.71,1
78.386,1
77.48901,1
78.436,1
78.031,1
77.916,1
89.609,1
120.195,2
GUTIERREZ
842.07,2
78.173,0
76.934,1
77.583,1
85.119,2
775.9,0
98.576,2
356.532,0
76.153,1
87.336,1
76.04,1
91.464,1
75.561,1
88.66499,2
699.46,0
74.69599,1
93.012,1
74.382,1
88.652,1
94.831,1
73.902,1
89.022,2
1106.05,0
BUTTON
845.33,2
77.534,0
90.37,1
76.252,1
87.802,1
92.494,2
551.499,0
75.396,1
87.38901,1
75.103,1
92.582,1
74.772,1
87.009,1
85.982,2
850.66,0
74.209,1
95.254,1
74.52299,1
94.26299,2
1477.41,0
78.209,1
346.388,1
77.185,1
77.344,1
77.492,1
77.391,1
78.81801,1
78.881,1
104.335,1
103.918,2
VERGNE
846.38,2
79.984,0
77.171,1
85.73199,1
KVYAT
846.09,2
75.772,0
87.955,1
75.656,1
89.863,1
75.80801,1
89.936,1
947.73,1
74.688,1
93.823,1
75.237,1
87.46,2
510.163,0
73.452,1
91.79299,1
73.254,1
87.434,1
82.682,2
662.51,0
76.964,1
76.415,1
681.37,1
77.606,1
335.547,1
77.956,1
77.875,1
78.438,1
79.481,1
81.532,1
83.072,1
111.838,1
106.998,2
HULKENBERG
848.16,2
76.93,0
86.69599,1
79.98701,1
83.654,1
448.057,1
80.325,1
76.384,1
75.81001,1
87.277,1
75.428,1
88.108,2
785.74,0
75.471,1
83.537,2
430.886,0
74.461,1
81.436,1
73.882,1
86.942,2
1079.65,0
77.282,1
340.823,1
77.451,1
77.548,1
78.77499,1
78.677,1
79.11,1
86.032,2
HAMILTON
852.03,2
84.004,0
490.988,1
74.9,1
94.342,1
87.137,1
73.468,1
92.937,1
73.072,1
81.26599,1
80.453,2
712.1,0
72.72199,1
98.145,1
84.968,1
87.28999,1
72.336,1
84.69499,1
79.884,2
468.193,2
120.865,0
77.29299,1
631.29,1
76.41901,1
373.881,1
76.752,1
76.804,1
76.215,1
75.814,1
75.954,1
84.632,1
120.15,2
111.478,2
BOTTAS
845.5,2
81.468,0
75.73299,1
84.268,1
75.26499,1
94.281,2
917.4901,0
78.772,1
97.51801,1
74.365,1
74.248,1
84.054,2
102.782,2
736.17,0
73.035,1
86.35901,1
73.48,1
73.62399,1
88.80801,2
109.812,2
1158.06,0
352.962,1
76.895,1
76.83,1
76.408,1
78.62399,1
76.786,1
77.012,1
90.05,1
116.312,2
SUTIL
848.26,2
98.608,0
76.464,1
91.923,1
88.502,2
661.97,0
75.899,1
87.748,1
76.34801,1
90.914,2
586.144,0
74.501,1
91.744,1
92.51,1
74.20399,1
88.753,1
90.649,1
74.28,1
88.36,2
536.286,0
79.207,1
78.659,1
79.24599,1
653.31,1
79.02399,1
362.513,1
78.177,1
78.372,1
77.678,1
77.59399,1
77.563,1
78.069,1
112.355,1
108.542,2
