RICCIARDO
1105.52,2
97.134,0
113.989,1
97.16399,1
111.382,2
129.358,2
617.3,0
95.44901,1
115.832,2
775.09,0
102.937,1
99.76599,1
100.06,1
100.722,1
100.64,1
100.931,1
100.978,1
100.936,1
101.349,1
101.612,1
372.15,1
101.306,1
100.762,1
103.192,1
101.295,1
107.161,2
VETTEL
1088.4,2
97.08801,0
114.451,1
96.895,1
109.381,2
137.548,2
658.42,0
95.277,1
106.866,1
95.475,1
113.42,2
153.373,2
1067.04,2
140.828,2
132.738,2
135.089,0
98.916,1
99.573,1
99.22099,1
99.22599,1
99.742,1
99.73299,1
99.78999,1
99.79299,1
103.206,2
ROSBERG
1088.04,2
100.006,0
111.845,1
98.054,1
116.606,1
97.19199,1
103.758,2
1010.12,0
94.647,1
118.428,2
687.8,2
146.175,0
108.795,1
99.453,1
100.097,1
99.63,1
100,1
100.994,1
105.806,1
100.16,1
100.363,1
101.001,1
100.37,1
100.048,1
101.455,1
101.191,1
101.028,1
392.395,1
99.227,1
105.083,2
RAIKKONEN
1083.46,2
104.658,0
97.537,1
110.822,2
987.3,0
95.512,1
107.105,1
95.174,1
105.466,2
146.789,2
1233.4,2
134.301,0
99.973,1
105.876,2
131.341,2
137.49,0
98.943,1
99.35701,1
99.35101,1
99.629,1
100.667,1
99.66299,1
100.077,1
100.204,1
428.813,1
99.745,1
100.375,1
100.809,1
104.519,2
GROSJEAN
1088.28,2
99.251,0
107.13,1
103.794,1
100.694,1
105.312,1
100.246,1
107.072,2
141.167,2
956.55,0
96.334,1
109.5,1
115.754,2
861.38,0
103.269,1
102.832,1
102.902,1
103.673,1
103.615,1
103.724,1
103.505,1
104.22,1
104.935,1
108.544,2
122.75,0
474.668,1
100.359,1
103.807,1
103.678,1
117.501,2
ERICSSON
1090.27,2
98.34801,0
118.195,1
112.686,1
100.919,1
113.18,2
688.22,0
96.148,1
115.838,1
96.993,1
111.829,2
787.32,0
100.657,1
100.859,1
101.029,1
101.408,1
101.908,1
101.668,1
101.92,1
102.025,1
102.341,1
102.159,1
106.981,2
153.941,0
101.285,1
100.734,1
101.144,1
101.434,1
419.88,1
101.076,1
101.461,1
101.629,1
109.353,2
PEREZ
1083.56,2
104.694,0
99.81001,1
99.476,1
114.335,1
104.378,2
982.5,0
97.062,1
111.725,1
106.568,2
888.63,0
101.624,1
101.323,1
102.076,1
101.898,1
101.974,1
102.283,1
102.49,1
102.46,1
105.444,2
123.086,0
99.77599,1
100.926,1
100.513,1
100.466,1
100.781,1
101.143,1
101.259,1
510.096,1
100.93,1
101.337,1
107.039,2
NASR
1093.04,2
97.229,0
121.204,1
99.806,1
118.972,1
98.47701,1
110.745,2
857.75,0
95.79299,1
118.262,1
97.046,1
111.081,2
1173.57,0
102.482,1
100.434,1
101.031,1
100.658,1
100.939,1
101.358,1
101.583,1
101.689,1
452.58,1
101.276,1
101.384,1
101.273,1
115.299,2
MALDONADO
1090.59,2
98.435,0
111.814,1
98.59499,1
111.638,1
98.634,1
98.494,1
100.76,1
114.394,2
142.495,2
841.57,0
95.474,1
107.662,1
107.552,2
618.13,0
101.065,1
100.328,1
102.118,1
100.737,1
100.733,1
100.903,1
100.884,1
101.154,1
101.525,1
101.989,1
103.284,1
102.345,1
102.628,1
419.943,1
103.476,1
101.088,1
101.501,1
106.389,2
ALONSO
1089.06,2
98.336,0
110.279,1
108.445,1
98.537,1
119.154,2
1266.28,0
96.19099,1
112.576,1
96.687,1
118.412,2
968.51,0
101.101,1
101.271,1
101.623,1
101.9,1
102.007,1
102.234,1
102.074,1
102.301,1
102.033,1
MASSA
1082.52,2
98.541,0
121.044,1
98.344,1
117.332,2
161.973,0
98.086,1
119.424,1
104.361,1
102.123,2
179.996,0
98.23399,1
118.25,1
98.343,1
106.948,2
126.484,2
600.58,0
95.884,1
124.331,2
1057.96,0
99.91901,1
99.994,1
100.29,1
100.749,1
100.898,1
100.988,1
100.856,1
102.269,1
101.751,1
390.043,1
101.305,1
101.812,1
101.873,1
121.002,2
BUTTON
1092.53,2
99.209,0
2603.79,2
398.826,2
472.677,0
102.502,1
102.865,1
111.572,1
519.971,1
101.493,1
101.057,1
101.047,1
106.883,2
KVYAT
1103.31,2
97.655,0
110.542,1
98.22199,1
117.162,2
148.955,2
978.92,0
95.883,1
111.244,2
845.62,0
99.912,1
100.178,1
101.888,1
100.85,1
108.926,1
101.977,1
101.437,1
435.094,1
102.721,1
101.246,1
101.043,1
109.53,2
HULKENBERG
1084.38,2
99.315,0
111.755,1
102.437,1
99.24599,1
105.079,2
875.15,0
96.805,1
107.842,1
103.239,2
822.61,0
102.029,1
102.303,1
102.131,1
102.219,1
102.698,1
102.887,1
105.883,2
129.601,0
100.658,1
100.615,1
101.008,1
101.378,1
101.696,1
101.306,1
101.741,1
102.036,1
101.942,1
102.362,1
STEVENS
1091.02,2
101.496,0
111.511,1
101.455,1
111.427,2
1295.89,0
99.131,1
107.611,1
100.53,1
110.193,2
921.34,0
104.6,1
104.292,1
104.404,1
104.461,1
105.38,1
105.991,1
105.54,1
105.359,1
106.224,1
VERSTAPPEN
1088.48,2
118.875,0
101.682,2
1378.42,0
96.91701,1
115.518,1
97.29599,1
113.032,2
652.68,2
137.797,0
100.704,1
100.795,1
102.955,1
101.874,1
102.709,1
101.677,1
102.021,1
102.415,1
103.533,1
102.084,1
102.585,1
102.883,1
102.837,1
613.54,2
128.748,2
HAMILTON
1088.54,2
96.79499,0
113.759,1
109.735,1
112.151,1
102.642,1
109.54,2
820.81,0
114.847,1
94.76199,1
119.662,2
679,2
149.17,0
100.724,1
100.84,1
100.47,1
100.313,1
110.022,1
101.737,1
100.577,1
100.686,1
101.625,1
100.714,1
102.313,1
100.902,1
104.811,2
122.914,0
99.314,1
451.024,1
98.637,1
100.776,1
107.973,2
SAINZ
1087.58,2
99.054,0
125.532,1
99.12599,1
128.416,2
1173.8,0
96.471,1
123.226,1
97.231,1
122.138,2
595.174,2
142.825,0
100.678,1
101.109,1
101.225,1
101.47,1
101.462,1
101.704,1
101.798,1
102.216,1
101.479,1
102.096,1
101.781,1
101.829,1
101.807,1
101.899,1
456.468,1
100.451,1
100.339,1
101.046,1
110.252,2
BOTTAS
1083.15,2
98.54,0
118.451,1
98.314,1
112.755,2
182.867,0
98.213,1
112.924,1
97.672,1
112.797,2
172.499,0
97.88,1
111.325,1
98.436,1
106.751,2
125.109,2
694.61,0
95.28,1
115.843,2
957.57,0
99.971,1
100.031,1
100.122,1
100.628,1
100.637,1
100.668,1
100.591,1
101.423,1
105.24,1
378.072,1
101.307,1
100.999,1
101.082,1
101.402,1
117.257,2
MERHI
1091.46,2
102.774,0
121.519,1
102.854,1
115.544,2
1304.2,0
110.109,1
100.592,1
111.863,1
100.968,1
113.309,2
751.97,0
110.036,1
105.544,1
105.311,1
105.726,1
105.449,1
107.264,1
106.464,1
108.534,1
113.385,2
495.19,0
105.967,1
103.689,1
112.864,2
