RICCIARDO
1085.31,2
100.949,0
100.889,1
101.127,1
101.189,1
101.336,1
101.308,1
101.354,1
101.219,1
101.271,1
101.349,1
101.746,1
101.78,1
104.553,2
121.208,0
99.421,1
99.88,1
100.16,1
99.928,1
100.204,1
100.211,1
99.932,1
100.339,1
99.8,1
99.936,1
100.25,1
100.365,1
100.34,1
100.315,1
100.763,1
101.217,1
101.508,1
101.295,1
101.216,1
104.355,2
120.171,0
99.109,1
99.404,1
99.26499,1
99.322,1
99.41,1
99.41701,1
99.34701,1
99.069,1
99.684,1
99.453,1
99.571,1
99.044,1
99.70399,1
99.056,1
99.20499,1
99.845,1
98.94801,1
99.898,1
99.777,1
99.49,1
101.66,1
VETTEL
1085.28,2
99.607,0
99.45,1
99.73,1
100.205,1
100.235,1
100.306,1
102.357,1
102.499,1
101.138,1
100.844,1
101.099,1
104.118,2
118.328,0
98.201,1
99.661,1
98.91701,1
98.79299,1
99.31001,1
99.203,1
99.286,1
99.34901,1
99.605,1
99.385,1
100.435,1
99.469,1
99.80801,1
99.981,1
100.143,1
100.027,1
100.302,1
103.027,2
118.751,0
97.547,1
98.013,1
103.492,2
126.735,0
96.62399,1
97.362,1
97.562,1
98.06499,1
98.452,1
98.372,1
98.968,1
98.752,1
98.91701,1
99.469,1
99.289,1
99.507,1
99.22499,1
99.471,1
99.503,1
99.537,1
99.743,1
99.699,1
99.756,1
99.952,1
ROSBERG
1085.29,2
100.231,0
99.569,1
99.788,1
100.035,1
100.051,1
100.117,1
101.455,1
100.786,1
100.293,1
101.296,1
100.964,1
100.611,1
103.611,2
118.549,0
97.68999,1
98.966,1
98.737,1
99.45901,1
99.466,1
98.85201,1
99.435,1
99.312,1
99.033,1
99.331,1
99.27299,1
99.513,1
99.903,1
99.841,1
99.868,1
100.093,1
100.499,1
100.474,1
103.03,2
117.836,0
97.326,1
97.731,1
97.841,1
98.211,1
98.49599,1
98.62399,1
99.134,1
98.718,1
98.745,1
98.93,1
98.322,1
98.35801,1
98.363,1
98.579,1
98.717,1
98.42,1
98.35001,1
99.072,1
98.821,1
99.149,1
101.39,1
99.197,1
RAIKKONEN
1085.29,2
99.882,0
99.85201,1
102.277,1
100.262,1
100.056,1
100.196,1
100.592,1
101.331,1
101.066,1
101.172,1
101.192,1
101.268,1
101.148,1
100.973,1
100.898,1
104.164,2
119.477,0
98.403,1
98.688,1
99.19299,1
99.013,1
98.986,1
99.01701,1
99.101,1
99.171,1
99.398,1
99.38901,1
99.606,1
99.73299,1
99.995,1
99.56499,1
99.509,1
99.45,1
99.632,1
99.884,1
99.591,1
99.66499,1
100.684,1
104.5,2
117.785,0
96.311,1
96.62,1
96.832,1
96.72199,1
96.785,1
97.541,1
97.59,1
97.52399,1
97.683,1
97.316,1
97.69499,1
97.71999,1
98.228,1
99.181,1
98.76599,1
98.015,1
GROSJEAN
1085.31,2
101.107,0
101.127,1
101.082,1
101.358,1
101.631,1
101.96,1
101.753,1
102.008,1
102.279,1
102.386,1
105.241,2
120.563,0
99.556,1
100.27,1
99.826,1
100.222,1
100.429,1
100.454,1
100.651,1
100.727,1
100.926,1
100.992,1
101.319,1
101.431,1
101.294,1
101.619,1
101.415,1
101.902,1
102.275,1
105.04,2
120.544,0
99.213,1
99.161,1
99.4,1
99.439,1
99.63499,1
99.58701,1
99.871,1
99.969,1
100.167,1
99.955,1
99.915,1
99.714,1
100.137,1
100.238,1
100.755,1
100.542,1
100.342,1
100.177,1
100.286,1
100.275,1
100.534,1
100.391,1
100.387,1
100.532,1
101.197,1
ERICSSON
1085.33,2
101.486,0
101.058,1
101.415,1
101.708,1
101.741,1
102.293,1
102.465,1
102.418,1
102.522,1
105.312,2
121.123,0
98.856,1
100.633,1
100.1,1
100.314,1
100.134,1
100.404,1
100.574,1
100.754,1
101.362,1
101.092,1
101.564,1
101.224,1
104.192,2
144.757,0
98.422,1
99.90701,1
99.777,1
99.499,1
100.168,1
99.751,1
100.71,1
100.081,1
100.805,1
100.428,1
103.16,2
120.797,0
99.047,1
98.963,1
99.33,1
99.471,1
101.133,1
99.901,1
100.536,1
101.03,1
100.635,1
100.406,1
100.45,1
100.503,1
100.594,1
100.076,1
100.175,1
100.638,1
100.619,1
101.257,1
PEREZ
1085.34,2
101.618,0
101.688,1
101.737,1
101.911,1
101.98,1
102.096,1
102.518,1
101.726,1
101.893,1
102.181,1
101.967,1
102.03,1
102.949,1
103.008,1
103,1
106.296,2
121.091,0
99.08801,1
99.301,1
99.47,1
99.85901,1
100.424,1
100.924,1
100.274,1
100.797,1
100.407,1
100.44,1
100.876,1
101.363,1
101.464,1
101.701,1
101.206,1
101.433,1
101.679,1
102.644,1
104.827,2
120,0
98.33801,1
98.831,1
99.083,1
99.29399,1
99.468,1
99.738,1
99.591,1
99.567,1
100.075,1
100.375,1
101.672,1
100.136,1
100.54,1
100.232,1
100.392,1
100.618,1
102.127,1
101.162,1
NASR
1085.35,2
101.738,0
101.697,1
101.939,1
102.068,1
102.213,1
102.012,1
102.599,1
102.436,1
105.928,2
122.476,0
99.343,1
99.846,1
100.091,1
100.472,1
100.257,1
100.539,1
100.879,1
100.977,1
101.373,1
101.525,1
101.796,1
102.295,1
104.871,2
122.73,0
99.45,1
100.373,1
100.164,1
100.708,1
101.691,1
100.533,1
100.239,1
100.461,1
100.381,1
102.367,1
101.423,1
101.491,1
101.074,1
101.559,1
101.907,1
104.757,2
122.106,0
98.216,1
98.66,1
99.822,1
98.827,1
99.541,1
100.645,1
100.48,1
99.178,1
99.45701,1
99.7,1
99.749,1
99.835,1
100.047,1
100.023,1
MALDONADO
1085.37,2
101.421,0
101.821,1
103.185,1
102.308,1
101.753,1
102.131,1
102.34,1
102.22,1
105.144,2
126.713,0
98.495,1
99.451,1
99.88701,1
100.173,1
100.149,1
100.405,1
100.511,1
100.617,1
100.834,1
100.923,1
101.177,1
101.659,1
105.057,2
119.108,0
98.34,1
99.38801,1
98.685,1
99.039,1
99.334,1
99.73199,1
99.883,1
100.788,1
99.672,1
99.771,1
99.856,1
100.53,1
99.814,1
100.016,1
99.95801,1
103.42,2
204.028,0
97.66499,1
97.754,1
99.063,1
98.451,1
98.669,1
98.45801,1
98.697,1
98.718,1
98.797,1
98.64,1
98.968,1
98.894,1
98.85001,1
98.73599,1
ALONSO
1085.35,2
102.035,0
101.762,1
101.753,1
101.996,1
102.521,1
103.382,1
102.257,1
102.478,1
102.712,1
103.093,1
104.581,1
106.103,2
121.883,0
100.927,1
100.741,1
101.146,1
102.74,1
101.421,1
101.644,1
101.737,1
101.801,1
101.752,1
101.943,1
101.615,1
101.823,1
102.275,1
101.46,1
101.942,1
102.172,1
102.573,1
102.233,1
102.054,1
102.137,1
104.509,2
120.291,0
99.326,1
98.992,1
99.29199,1
100.936,1
99.554,1
99.394,1
99.152,1
99.445,1
100.026,1
100.297,1
99.98901,1
100.198,1
100.845,1
100.329,1
100.128,1
100.089,1
99.943,1
99.91,1
100.124,1
99.826,1
MASSA
1085.37,2
101.887,0
101.981,1
101.596,1
101.475,1
101.771,1
101.893,1
102.477,1
102.383,1
105.864,2
120.121,0
99.09399,1
99.475,1
100.2,1
100.52,1
100.7,1
100.723,1
101.226,1
101.169,1
101.314,1
101.581,1
101.905,1
102.262,1
106.002,2
121.037,0
99.479,1
100.374,1
100.25,1
101.081,1
100.053,1
100.537,1
100.41,1
100.775,1
99.981,1
100.513,1
100.47,1
100.185,1
100.303,1
100.432,1
100.292,1
100.547,1
100.651,1
100.476,1
100.584,1
100.592,1
100.466,1
100.973,1
100.818,1
101.774,1
102.001,1
101.618,1
101.52,1
102.878,1
104.805,1
102.922,1
103.08,1
BUTTON
KVYAT
1085.37,2
103.347,0
101.763,1
102.547,1
102.083,1
103.081,1
101.375,1
102.013,1
102.175,1
102.413,1
102.309,1
103.061,1
102.825,1
102.61,1
105.467,2
122.131,0
99.463,1
101.072,1
100.174,1
99.931,1
100.227,1
100.794,1
100.355,1
100.323,1
100.684,1
100.645,1
101.049,1
101.083,1
101.163,1
101.36,1
101.619,1
101.88,1
102.025,1
105.112,2
121.315,0
98.72499,1
99.167,1
99.431,1
99.715,1
99.579,1
100.305,1
99.519,1
99.72399,1
100.478,1
99.94801,1
99.599,1
100.152,1
99.976,1
99.80701,1
100.044,1
100.545,1
102.765,1
100.759,1
103.129,1
100.835,1
100.339,1
HULKENBERG
1085.32,2
101.26,0
101.338,1
101.443,1
101.55,1
101.63,1
101.912,1
102.075,1
102.186,1
104.82,2
122.568,0
100.317,1
100.422,1
101.589,1
101.786,1
100.94,1
100.749,1
101.143,1
101.091,1
101.394,1
101.505,1
101.753,1
101.98,1
102.217,1
104.907,2
119.978,0
100.076,1
100.652,1
99.802,1
100.186,1
101.163,1
100.746,1
102.83,1
102.023,1
101.891,1
101.637,1
101.646,1
104.108,2
122.738,0
98.653,1
99.201,1
99.467,1
99.583,1
99.584,1
100.817,1
99.927,1
100.474,1
100.854,1
100.75,1
101.579,1
100.526,1
100.427,1
100.606,1
100.641,1
100.752,1
101.27,1
STEVENS
1085.39,2
105.025,0
104.141,1
104.182,1
104.914,1
104.638,1
104.766,1
104.538,1
104.73,1
104.647,1
105.302,1
106.056,1
105.878,1
106.411,1
105.957,1
106.065,1
106.241,1
106.836,1
109.973,2
127.458,0
102.514,1
102.568,1
102.968,1
102.552,1
102.6,1
102.852,1
104.018,1
102.916,1
103.356,1
103.343,1
103.243,1
104.152,1
107.293,2
126.645,0
102.219,1
101.759,1
102.21,1
102.771,1
102.717,1
107.806,1
104.123,1
103.933,1
102.857,1
103.453,1
103.26,1
103.733,1
104.412,1
103.339,1
103.54,1
103.364,1
103.842,1
104.335,1
103.53,1
104.417,1
106.38,1
VERSTAPPEN
1085.36,2
102.009,0
102.17,1
102.196,1
103.296,1
106.696,2
136.163,0
100.982,1
101.257,1
101.797,1
101.831,1
103.113,1
101.672,1
103.288,1
102.949,1
102.012,1
101.899,1
102.228,1
101.812,1
101.978,1
101.784,1
101.768,1
101.802,1
101.678,1
101.782,1
102,1
102.091,1
102.596,1
102.639,1
104.937,2
123.456,0
99.607,1
99.812,1
116.809,2
HAMILTON
1085.27,2
98.955,0
99.257,1
99.602,1
100.081,1
100.006,1
100.156,1
100.159,1
100.447,1
100.307,1
100.368,1
101.363,1
100.781,1
101.123,1
103.877,2
119.67,0
98.145,1
99.061,1
99.284,1
99.394,1
98.81901,1
99.02299,1
99.085,1
99.161,1
98.91901,1
99.185,1
99.408,1
99.356,1
99.453,1
99.533,1
99.451,1
99.551,1
102.217,2
118.791,0
98.217,1
98.242,1
97.906,1
97.85701,1
99.009,1
99.29099,1
99.119,1
98.921,1
98.83701,1
98.592,1
98.59599,1
98.533,1
98.35901,1
98.505,1
98.187,1
98.075,1
98.585,1
98.91801,1
98.928,1
98.716,1
98.654,1
99.537,1
100.847,1
SAINZ
1085.34,2
101.538,0
101.577,1
101.766,1
101.83,1
101.914,1
102.24,1
102.439,1
103.85,1
103.017,1
107.627,2
130.592,0
100.651,1
101.118,1
100.846,1
100.946,1
101.586,1
101.354,1
101.674,1
101.779,1
101.73,1
101.818,1
102.087,1
101.497,1
101.766,1
101.762,1
103.646,1
103.606,1
104.928,2
BOTTAS
1085.3,2
100.302,0
99.904,1
101.101,1
100.802,1
101.214,1
100.923,1
101.297,1
101.321,1
101.419,1
101.521,1
101.698,1
102.062,1
105.572,2
121.018,0
98.09499,1
98.656,1
98.87901,1
99.06,1
99.044,1
99.632,1
99.712,1
100.034,1
100.143,1
100.104,1
100.471,1
100.448,1
100.566,1
100.559,1
100.904,1
101.279,1
101.83,1
105.08,2
118.678,0
98.51,1
99.143,1
99.127,1
98.777,1
98.902,1
98.744,1
98.64,1
98.68,1
98.962,1
98.921,1
98.894,1
98.87801,1
99.438,1
99.491,1
99.25,1
99.375,1
99.521,1
99.45701,1
99.425,1
99.79199,1
99.73499,1
99.542,1
99.802,1
MERHI
1085.39,2
104.459,0
104.11,1
104.278,1
104.967,1
106.003,1
105.026,1
105.459,1
105.276,1
105.593,1
106.613,1
106.567,1
106.961,1
107.059,1
107.4,1
107.643,1
107.65,1
111.719,2
126.826,0
103.029,1
103.517,1
104.403,1
103.261,1
103.342,1
103.731,1
104.009,1
105.237,1
104.195,1
105.465,1
106.522,1
106.365,1
105.61,1
105.374,1
109.146,2
126.139,0
102.033,1
102.56,1
103.425,1
103.576,1
104.696,1
103.031,1
103.487,1
104.029,1
103.5,1
103.814,1
104.44,1
105.293,1
104.349,1
104.313,1
104.113,1
105.666,1
107.919,1
105.123,1
106.244,1
