VETTEL
602.12,2
881.62,2
120.314,0
84.78,1
81.09299,1
83.63,1
81.227,1
80.451,1
79.479,1
1528.07,2
85.31801,0
79.154,1
83.33,1
84.606,1
81.188,1
78.29599,1
78.131,1
81.608,1
846.97,2
86.45701,0
83.228,1
78.546,1
83.434,1
80.068,1
78.398,1
86.354,1
82.17599,1
78.35701,1
RICCIARDO
602.52,2
870.25,2
124.784,0
83.07,1
91.33701,1
98.04,1
80.4,1
80.208,1
78.945,1
1277.91,2
108.468,0
86.446,1
79.59299,1
79.962,1
81.34,1
79.015,1
78.87901,1
1214.95,2
109.913,0
79.757,1
80.381,1
83.406,1
78.564,1
82.845,1
78.98701,1
78.435,1
CHILTON
601.31,2
759.67,2
104.986,0
83.44701,1
83.436,1
83.007,1
82.035,1
81.608,1
83.474,1
82.814,1
1563.88,2
104.305,0
83.54,1
81.42599,1
82.34,1
81.381,1
81.563,1
82.822,1
80.844,1
954.97,2
114.218,2
102.206,0
83.64,1
81.811,1
81.099,1
113.533,2
ROSBERG
602.42,2
745.9901,2
108.371,0
85.921,1
80.06,1
84.23199,1
85.953,1
79.034,1
93.44701,1
78.138,1
1670.57,2
113.817,0
89.576,1
77.922,1
77.70499,1
84.73499,1
81.771,1
81.934,1
77.384,1
448.823,2
110.757,0
82.539,1
82.043,1
79.81701,1
82.05901,1
80.131,1
80.34801,1
82.39,1
79.81701,1
79.591,1
83.06499,1
81.68,1
RAIKKONEN
600.39,2
98.78999,0
952.25,2
94.043,0
81.12,1
80.45901,1
88.908,1
80.364,1
1664.65,2
93.767,0
79.189,1
410.865,2
86.522,0
78.846,1
78.578,1
GROSJEAN
600.4,2
144.804,2
611.11,2
114.672,0
82.504,1
80.91901,1
87.62599,1
87.054,1
83.485,1
107.388,2
90.788,0
80.146,1
82.032,1
1452.08,2
111.112,0
80.753,1
80.863,1
82.729,1
82.864,1
79.591,1
79.45801,1
832.97,2
114.059,0
83.895,1
79.856,1
79.492,1
79.142,1
84.16,1
84.806,1
79.243,1
82.247,1
82.659,1
ERICSSON
601.41,2
866.12,2
95.333,0
92.939,1
90.95701,1
85.506,1
92.77399,1
91.09499,1
86.086,1
1041.52,2
94.85201,0
85.841,1
83.984,1
91.336,1
85.208,1
87.6,1
887.56,2
93.251,0
86.401,1
87.864,1
83.26599,1
82.49599,1
90.812,1
85.486,1
83.934,1
81.8,1
84.081,1
82.063,1
88.485,1
82.75999,1
81.404,1
81.78999,1
81.549,1
PEREZ
601.39,2
866.09,2
104.112,0
82.592,1
98.80801,1
83.56599,1
82.45901,1
79.945,1
79.411,1
79.216,1
1623.87,2
106.057,0
79.605,1
78.971,1
79.188,1
83.801,1
79.251,1
84.48801,1
78.95901,1
651.1,2
128.38,2
104.783,2
MALDONADO
601.19,2
157.445,2
632.45,2
110.585,0
83.22599,1
85.03,1
80.737,1
80.248,1
89.23599,1
80.061,1
83.66,1
79.643,1
1036.08,2
121.684,0
82.66599,1
82.329,1
84.82,1
79.954,1
79.85001,1
85.23399,1
79.34,1
784.38,2
110.487,0
82.174,1
84.972,1
87.131,1
81.288,1
81.656,1
80.532,1
79.902,1
81.42599,1
80.659,1
82.37701,1
84.355,1
81.968,1
80.884,1
80.981,1
ALONSO
601.09,2
94.737,0
1050.08,2
94.078,0
81.94901,1
79.137,1
88.37801,1
78.577,1
1880.2,2
89.697,0
77.911,1
77.375,1
95.465,1
86.084,1
87.73599,1
77.238,1
935.9,2
92.468,0
83.40701,1
81.861,1
78.77299,1
BIANCHI
600.28,2
950.87,2
105.102,0
86.613,1
83.69599,1
81.339,1
95.913,1
80.471,1
1302.81,2
97.089,0
85.26599,1
82.87801,1
85.752,1
80.717,1
80.2,1
MASSA
600.15,2
983.67,2
98.854,0
79.575,1
85.05,1
82.493,1
84.899,1
MAGNUSSEN
600.23,2
669.38,2
91.23199,0
83.249,1
81.061,1
82.70499,1
79.82,1
86.27399,1
79.709,1
106.135,2
1189.71,2
103.063,0
81.986,1
79.326,1
78.707,1
78.51801,1
78.866,1
756.57,2
87.923,0
80.27499,1
78.831,1
78.803,1
80.904,1
522.698,2
101.245,0
79.921,1
78.963,1
78.52599,1
87.05801,1
79.95801,1
78.514,1
GUTIERREZ
600.34,2
98.70499,0
694.67,2
88.618,0
617.06,2
93.473,0
81.111,1
1337.44,2
95.46,0
79.804,1
81.461,1
80.282,1
98.44,1
79.994,1
88.014,1
BUTTON
601,2
865.9,2
117.117,0
87.395,1
80.461,1
79.95801,1
85.287,1
79.332,1
79.66399,1
1153.46,2
93.22499,0
84.933,1
78.715,1
89.98801,1
78.731,1
94.33801,1
78.446,1
884.35,2
102.493,0
80.944,1
80.829,1
80.43,1
81.341,1
81.22599,1
81.12499,1
80.803,1
81.13599,1
80.738,1
81.207,1
80.631,1
80.6,1
80.423,1
80.59299,1
VERGNE
600.31,2
1021.99,2
122.486,0
81.94,1
80.032,1
84.27599,1
79.23299,1
87.398,1
78.73399,1
1377.6,2
101.297,0
81.173,1
88.815,1
78.643,1
KVYAT
600.25,2
893.87,2
119.722,0
88.043,1
88.332,1
82.032,1
1227.59,2
102.852,0
84.738,1
80.574,1
83.79299,1
81.145,1
80.05801,1
81.644,1
82.06599,1
79.874,1
79.177,1
1360.56,2
110.332,0
81.936,1
82.178,1
HULKENBERG
602.32,2
848.98,2
103.383,0
97.384,1
80.56,1
79.34701,1
79.29299,1
93.53,1
82.437,1
1685.82,2
103.803,0
85.323,1
79.22599,1
78.767,1
89.354,1
78.742,1
87.06,1
78.73299,1
550.7341,2
98.92599,0
82.467,1
81.267,1
80.781,1
82.139,1
80.951,1
80.66599,1
80.831,1
80.478,1
80.383,1
81.062,1
HAMILTON
602.37,2
867.34,2
117.42,0
82.238,1
78.997,1
83.27399,1
81.216,1
78.08801,1
85.72399,1
1797.74,2
113.668,0
79.39,1
77.254,1
86.427,1
89.64,1
81.62199,1
80.745,1
84.24599,1
577.125,2
111.449,0
81.40701,1
80.545,1
80.336,1
81.129,1
80.953,1
85.256,1
82.94,1
BOTTAS
602.52,2
798.6,2
102.741,0
83.897,1
87.836,1
80.229,1
81.72199,1
79.543,1
2664.75,2
95.005,0
85.993,1
85.802,1
78.69599,1
78.361,1
78.393,1
492.712,2
87.372,0
79.288,1
78.895,1
78.7,1
SUTIL
601.4301,2
931.41,2
108.495,0
84.208,1
80.98,1
83.82,1
80.456,1
79.825,1
1538.21,2
90.278,0
81.32,1
79.108,1
79.128,1
86.52599,1
79.20499,1
1015.98,2
100.777,0
81.25999,1
79.97,1
81.103,1
80.401,1
79.4,1
81.169,1
88.8,1
