VETTEL
845.11,2
132.589,0
126.424,1
125.77,1
121.056,1
115.114,1
119.497,1
80.67599,1
80.19199,1
80.952,1
81.401,1
81.316,1
81.5,1
81.712,1
97.188,2
83.175,0
80.675,1
80.391,1
80.09499,1
80.203,1
80.69099,1
81.306,1
81.941,1
80.578,1
80.753,1
80.592,1
80.685,1
80.613,1
80.333,1
80.59,1
80.37801,1
80.575,1
80.66299,1
80.66599,1
80.361,1
96.05801,2
82.043,0
79.437,1
79.891,1
79.843,1
79.61,1
79.893,1
79.785,1
79.88,1
80.20399,1
79.492,1
79.79499,1
79.171,1
80.108,1
79.77,1
80.278,1
80.068,1
79.77299,1
79.912,1
79.899,1
79.938,1
79.549,1
79.70499,1
79.956,1
79.37901,1
79.894,1
79.656,1
79.712,1
80.207,1
79.462,1
81.304,1
79.703,1
79.69199,1
80.032,1
98.699,1
RICCIARDO
845.19,2
129.274,0
126.339,1
125.788,1
120.415,1
116.09,1
116.596,1
82.324,1
80.87701,1
80.927,1
81.132,1
81.79399,1
98.031,2
82.62099,0
80.616,1
81.26399,1
81.406,1
81.47701,1
81.03,1
80.905,1
80.612,1
80.641,1
80.62399,1
80.492,1
80.921,1
80.709,1
79.906,1
80.11,1
80.268,1
80.108,1
79.814,1
80.05801,1
80.26299,1
80.365,1
80.363,1
79.412,1
95.16199,2
81.285,0
79.946,1
79.37801,1
79.922,1
79.633,1
79.606,1
79.891,1
79.84701,1
79.521,1
79.754,1
79.601,1
80.108,1
80.183,1
80.172,1
79.826,1
79.76199,1
79.908,1
80.17,1
79.906,1
79.756,1
79.685,1
79.772,1
79.656,1
79.787,1
79.728,1
79.674,1
79.815,1
79.619,1
80.138,1
79.082,1
78.64,1
79.075,1
97.91901,1
CHILTON
ROSBERG
845.08,2
135.374,0
125.978,1
125.553,1
121.105,1
115.504,1
119.505,1
80.12599,1
80.279,1
79.95901,1
79.84,1
80.33,1
80.064,1
80.654,1
80.686,1
80.363,1
80.04,1
95.767,2
82.563,0
80.55,1
80.94901,1
80.08801,1
79.619,1
79.16,1
78.616,1
79.648,1
79.43,1
79.12399,1
79.35001,1
79.11,1
79.19199,1
79.684,1
78.881,1
78.91801,1
79.022,1
79.20499,1
82.102,1
82.70399,1
83.07,1
81.94801,1
81.99599,1
80.945,1
80.712,1
97.748,2
82.812,0
81.22199,1
81.415,1
84.168,1
81.401,1
80.649,1
80.279,1
80.131,1
79.78999,1
79.826,1
79.832,1
79.825,1
79.854,1
79.769,1
79.872,1
79.77299,1
79.728,1
79.73499,1
79.493,1
79.754,1
79.605,1
80.278,1
79.59599,1
79.95,1
80.049,1
100.591,1
RAIKKONEN
845.25,2
127.651,0
126.791,1
125.487,1
120.991,1
114.738,1
114.251,1
82.854,1
81.42599,1
81.613,1
81.785,1
82.132,1
81.963,1
82.01,1
82.346,1
82.112,1
97.567,2
83.798,0
81.115,1
81.353,1
81.039,1
81.901,1
81.333,1
81.109,1
81.62499,1
81.082,1
80.862,1
80.876,1
80.608,1
80.95701,1
80.281,1
80.528,1
80.324,1
80.091,1
80.137,1
80.09499,1
80.966,1
80.37901,1
97.43,2
97.802,0
80.18,1
79.576,1
79.553,1
79.456,1
79.712,1
79.512,1
79.76499,1
79.981,1
79.99599,1
79.821,1
79.963,1
79.905,1
79.59,1
79.541,1
79.328,1
79.571,1
79.456,1
78.991,1
79.31801,1
79.42,1
79.62399,1
79.573,1
79.56499,1
79.485,1
78.94901,1
78.969,1
78.685,1
78.529,1
79.397,1
120.375,1
GROSJEAN
845.34,2
125.613,0
130.106,1
124.77,1
120.634,1
113.717,1
109.231,1
83.372,1
82.39,1
82.519,1
99.966,2
84.66299,0
81.9,1
82.29599,1
81.934,1
82.513,1
81.638,1
81.584,1
81.72099,1
81.88,1
81.59299,1
81.9,1
81.95801,1
81.78,1
83.09,1
81.68,1
81.444,1
81.464,1
81.616,1
81.608,1
81.12099,1
81.20599,1
80.77599,1
80.787,1
80.516,1
80.55,1
80.37901,1
80.718,1
81.02299,1
81.841,1
81.148,1
80.72499,1
80.946,1
80.981,1
80.554,1
97.44801,2
83.35701,0
80.29399,1
80.35001,1
80.27399,1
79.936,1
80.129,1
80.073,1
79.65,1
79.77599,1
79.821,1
80.004,1
79.83701,1
79.79099,1
ERICSSON
845.4,2
124.852,0
130.822,1
124.823,1
120.187,1
114.495,1
111.041,1
KOBAYASHI
845.39,2
124.288,0
131.025,1
124.778,1
120.166,1
113.716,1
107.079,1
84.577,1
84.167,1
83.671,1
84.757,1
85.08,1
84.49,1
84.433,1
84.55701,1
84.646,1
84.974,1
83.937,1
83.63599,1
83.13,1
83.615,1
83.37801,1
83.69099,1
PEREZ
845.28,2
125.686,0
128.984,1
125.347,1
120.856,1
114.902,1
112.268,1
82.534,1
81.608,1
81.386,1
81.553,1
82.299,1
81.781,1
82.12199,1
82.19099,1
82.061,1
81.574,1
81.114,1
81.007,1
81.119,1
81.11,1
80.98901,1
80.72299,1
80.755,1
80.95801,1
80.892,1
80.521,1
80.702,1
80.824,1
80.823,1
80.845,1
81.015,1
80.744,1
97.211,2
82.399,0
79.96,1
79.703,1
79.896,1
79.832,1
79.74,1
79.835,1
79.576,1
79.73299,1
79.789,1
79.716,1
79.545,1
79.576,1
79.875,1
80.033,1
80.355,1
79.968,1
80.09299,1
79.839,1
79.868,1
79.869,1
80.089,1
79.744,1
79.583,1
79.65,1
79.814,1
79.824,1
79.69099,1
79.491,1
79.767,1
80.245,1
81.804,1
79.678,1
79.778,1
80.569,1
MALDONADO
845.36,2
124.728,0
131.159,1
124.548,1
120.493,1
113.39,1
108.27,1
83.899,1
82.994,1
82.242,1
82.873,1
82.011,1
82.134,1
82.354,1
82.84701,1
82.241,1
82.374,1
82.44701,1
81.638,1
81.597,1
81.514,1
ALONSO
845.24,2
126.701,0
126.766,1
126.195,1
121.07,1
114.971,1
114.862,1
82.602,1
81.619,1
81.748,1
81.77299,1
81.86,1
81.971,1
81.73,1
81.929,1
97.301,2
82.974,0
81.21,1
80.72599,1
80.731,1
80.73,1
81.044,1
80.702,1
80.59499,1
81.608,1
81.72199,1
80.62399,1
81.237,1
80.973,1
80.374,1
80.16499,1
79.821,1
80.079,1
79.651,1
79.80701,1
79.964,1
79.829,1
79.416,1
79.59599,1
79.79199,1
79.973,1
79.567,1
79.82,1
95.79599,2
82.067,0
79.581,1
79.68,1
79.13599,1
79.598,1
79.104,1
79.155,1
78.922,1
79.538,1
79.972,1
80.248,1
79.924,1
80.6,1
81.3,1
80.92,1
79.536,1
79.118,1
78.9,1
78.8,1
78.614,1
78.95801,1
80.044,1
79.521,1
80.173,1
81.303,1
103.221,1
BIANCHI
MASSA
845.17,2
129.223,0
126.478,1
126.389,1
120.496,1
115.433,1
117.296,1
81.899,1
80.406,1
81.09,1
81.922,1
81.752,1
81.932,1
82.071,1
102.493,2
83.148,0
81.395,1
80.73199,1
81.013,1
80.826,1
80.608,1
81.395,1
80.138,1
80.01701,1
81.433,1
80.55901,1
79.8,1
79.85201,1
80.027,1
80.075,1
79.737,1
79.814,1
79.797,1
79.717,1
79.76099,1
79.576,1
79.5,1
79.391,1
79.49599,1
79.845,1
80.09499,1
79.659,1
79.828,1
80.037,1
80.16499,1
80.37,1
80.546,1
96.845,2
82.30901,0
78.895,1
79.322,1
79.413,1
79.841,1
79.898,1
80.12,1
80.155,1
80.007,1
78.504,1
78.508,1
78.87701,1
78.66399,1
79.01701,1
79.614,1
80.5,1
79.063,1
81.475,1
79.608,1
79.80701,1
80.129,1
MAGNUSSEN
845.31,2
124.97,0
129.393,1
124.781,1
121.411,1
114.088,1
111.079,1
83.047,1
82.59299,1
82.155,1
82.181,1
82.421,1
82.697,1
82.816,1
97.92599,2
82.365,0
80.404,1
80.72299,1
80.579,1
81.438,1
81.581,1
81.442,1
81.32,1
81.271,1
81.507,1
82.651,1
81.483,1
81.29599,1
81.52,1
80.738,1
80.932,1
80.72099,1
80.42599,1
80.608,1
80.648,1
80.687,1
80.51,1
80.20399,1
80.34801,1
80.154,1
80.085,1
79.936,1
80.12399,1
80.288,1
96.865,2
81.384,0
79.109,1
79.12399,1
79.653,1
79.502,1
79.256,1
79.19399,1
79.207,1
79.09,1
79.103,1
78.81901,1
78.829,1
79.009,1
79.368,1
79.48901,1
79.591,1
79.683,1
80.371,1
79.41801,1
78.921,1
79.79499,1
79.604,1
79.563,1
80.183,1
104.978,1
GUTIERREZ
845.55,2
124.357,2
116.644,0
125.26,1
120.809,1
114.136,1
107.121,1
83.59399,1
83.079,1
82.688,1
83.278,1
82.74,1
83.079,1
83.26199,1
83.641,1
83.589,1
82.718,1
82.938,1
82.199,1
82.027,1
82.184,1
84.036,1
82.714,1
81.982,1
82.31001,1
83.3,1
83.298,1
83.281,1
82.28999,1
81.79199,1
81.92,1
99.503,2
85.15701,0
81.619,1
81.35201,1
80.982,1
80.905,1
80.648,1
80.78999,1
81.086,1
80.701,1
80.612,1
80.772,1
80.978,1
80.899,1
80.833,1
80.677,1
80.70499,1
80.74,1
80.149,1
80.112,1
80.201,1
80.305,1
80.48701,1
80.412,1
80.782,1
80.94901,1
80.607,1
80.871,1
80.784,1
80.84701,1
80.303,1
80.551,1
82.514,1
BUTTON
845.27,2
126.152,0
129.123,1
124.186,1
121.742,1
114.276,1
112.962,1
83.19199,1
82.188,1
81.562,1
82.134,1
82.129,1
82.689,1
97.845,2
82.729,0
81.757,1
80.87701,1
82.134,1
81.35201,1
81.481,1
80.922,1
82.062,1
81.156,1
81.20599,1
81.568,1
81.203,1
81,1
81.72599,1
80.62,1
80.611,1
80.474,1
80.051,1
79.972,1
80.098,1
80.178,1
80.396,1
80.545,1
98.251,2
80.972,0
79.619,1
79.73499,1
79.835,1
79.684,1
79.55901,1
79.442,1
79.41701,1
79.238,1
79.846,1
79.936,1
79.49,1
79.252,1
79.011,1
78.821,1
78.975,1
78.963,1
78.91901,1
78.975,1
78.91901,1
78.984,1
79.284,1
79.18999,1
78.862,1
79.08701,1
78.759,1
78.922,1
79.212,1
79.175,1
79.82,1
79.681,1
101.114,1
VERGNE
845.21,2
128.579,0
126.469,1
126.583,1
120.481,1
115.288,1
115.534,1
82.42,1
81.342,1
81.638,1
81.716,1
81.63499,1
82.22599,1
82.02499,1
98.336,2
83.207,0
81.591,1
81.219,1
81.077,1
80.95,1
80.69199,1
82.109,1
81.541,1
80.97,1
81.32,1
81.108,1
80.983,1
80.805,1
80.862,1
80.76399,1
80.634,1
80.55801,1
80.671,1
80.495,1
80.362,1
80.427,1
80.237,1
79.956,1
96.682,2
82.428,0
79.991,1
79.903,1
79.846,1
79.899,1
79.895,1
80.086,1
79.997,1
80.965,1
80.719,1
80.321,1
80.102,1
80.01801,1
79.75999,1
79.51801,1
79.41801,1
79.399,1
79.546,1
79.642,1
79.669,1
79.519,1
79.638,1
79.597,1
79.708,1
79.41,1
79.729,1
79.71999,1
79.619,1
79.569,1
79.875,1
104.37,1
KVYAT
845.35,2
124.832,0
130.722,1
125.07,1
120.371,1
113.727,1
108.05,1
83.673,1
82.39,1
91.914,1
81.865,1
82.962,1
81.27299,1
82.974,1
82.509,1
81.16599,1
82.769,1
82.07,1
81.11,1
81.277,1
81.46,1
81.67599,1
81.188,1
81.104,1
81.45801,1
81.316,1
81.91801,1
83.137,1
101.297,2
83.61,0
80.323,1
80.925,1
80.138,1
80.212,1
80.22599,1
80.181,1
81.053,1
80.798,1
80.062,1
80.259,1
80.243,1
80.37901,1
79.978,1
80.43,1
80.316,1
98.484,2
83.515,0
HULKENBERG
845.29,2
125.332,0
129.475,1
125.233,1
120.843,1
114.393,1
111.764,1
83.286,1
82.238,1
81.871,1
81.744,1
81.903,1
82.483,1
81.945,1
81.653,1
81.634,1
81.563,1
81.37701,1
81.203,1
81.113,1
81.169,1
81.353,1
81.79099,1
80.475,1
81.08801,1
80.467,1
80.611,1
80.476,1
80.511,1
80.409,1
80.505,1
80.563,1
80.686,1
80.643,1
80.119,1
80.305,1
79.921,1
80.486,1
80.199,1
80.787,1
96.492,2
81.78,0
79.954,1
79.991,1
79.891,1
79.916,1
80.128,1
80.028,1
80.156,1
79.827,1
79.92,1
79.73199,1
80.12299,1
79.968,1
80.015,1
80.177,1
81.485,1
80.606,1
79.612,1
79.563,1
79.813,1
79.178,1
79.171,1
78.936,1
79.12199,1
80.02299,1
79.669,1
80.365,1
81.462,1
101.32,1
HAMILTON
845.13,2
131.891,0
126.427,1
125.375,1
120.331,1
116.207,1
118.751,1
80.38,1
80.34,1
79.927,1
80.152,1
80.043,1
80.241,1
80.414,1
80.51,1
80.678,1
80.2,1
80.208,1
96.686,2
82.651,0
80.081,1
79.561,1
79.076,1
78.942,1
79.23599,1
79.529,1
78.999,1
79.086,1
79.138,1
79.515,1
78.97,1
79.438,1
79.29599,1
79.303,1
79.16,1
80.103,1
81.79599,1
82.35701,1
82.09299,1
82.032,1
82.364,1
81.242,1
80.715,1
80.324,1
95.855,2
84.355,0
BOTTAS
845.15,2
131.003,0
126.599,1
125.574,1
120.725,1
115.665,1
118.355,1
81.259,1
80.47,1
80.853,1
81.62399,1
81.72499,1
81.84901,1
97.554,2
82.74599,0
81.12199,1
80.9,1
80.48801,1
80.632,1
80.497,1
80.589,1
80.55,1
80.66499,1
80.552,1
81.369,1
80.464,1
80.218,1
79.966,1
80.247,1
80.35201,1
80.55701,1
81.391,1
80.277,1
80.31801,1
97.328,2
83.25,0
80.51701,1
80.2,1
79.701,1
79.438,1
79.52399,1
79.829,1
80.16499,1
79.76299,1
80.434,1
79.98701,1
80.495,1
79.811,1
80.26399,1
79.92599,1
79.361,1
79.321,1
79.843,1
80.022,1
80.071,1
80.099,1
81.33,1
81.247,1
81.168,1
82.045,1
81.683,1
81.425,1
80.527,1
79.98901,1
79.535,1
80.011,1
79.643,1
79.547,1
80.027,1
102.55,1
SUTIL
845.32,2
125.091,0
129.749,1
124.481,1
120.555,1
114.742,1
110.191,1
83.35201,1
82.346,1
82.2,1
82.421,1
82.431,1
82.94901,1
83.42599,1
98.55701,2
85.085,0
81.539,1
82.188,1
81.634,1
81.672,1
81.606,1
82.167,1
81.63499,1
81.70399,1
82.822,1
82.061,1
83.475,1
82.241,1
81.783,1
81.66599,1
81.432,1
81.05901,1
81.432,1
81.335,1
81.099,1
81.385,1
81.147,1
81.708,1
81.439,1
98.19099,2
83.76499,0
81.245,1
80.41,1
80.243,1
80.361,1
80.77,1
80.618,1
80.922,1
80.73,1
80.606,1
80.279,1
80.27599,1
80.23399,1
80.572,1
81.32,1
81.497,1
81.991,1
80.91,1
80.70399,1
80.995,1
80.619,1
80.572,1
80.399,1
80.675,1
80.62399,1
80.22599,1
88.641,1
82.51801,1
103.684,1
