RICCIARDO
864.44,2
96.369,0
112.009,1
96.2,1
108.389,2
1421.25,0
95.153,1
111.614,1
95.55701,1
102.909,2
703.52,0
351.972,1
99.55701,1
99.089,1
99.051,1
99.26199,1
99.631,1
103.081,1
99.171,1
135.886,1
145.376,2
VETTEL
850.17,2
96.271,0
113.949,1
99.538,1
96.012,1
1056.55,1
94.522,1
111.089,1
96.22499,2
145.431,2
1447.01,2
152.359,0
98.90701,1
99.434,1
99.06599,1
350.86,1
98.441,1
98.751,1
98.66599,1
101.575,1
99.342,1
99.822,1
98.655,1
128.672,1
134.364,2
ROSBERG
847.13,2
95.513,0
113.188,1
95.229,1
119.432,1
95.27499,1
1123.21,1
94.155,1
119.467,1
103.698,2
692.29,2
192.54,0
98.79199,1
98.682,1
99.084,1
99.444,1
98.86,1
98.945,1
100.692,1
98.35801,1
97.98801,1
98.56,1
99.72499,1
384.841,2
152.61,2
136.776,2
128.983,0
98.394,1
98.569,1
98.115,1
136.648,1
155.211,2
RAIKKONEN
844.27,2
106.606,0
101.995,1
96.475,1
101.412,2
1168.41,0
96.668,1
102.468,1
96.59299,1
102.329,2
912.77,0
95.09499,1
110.254,1
94.502,1
100.492,2
646.63,0
100.34,1
100.761,1
357.115,1
99.79399,1
100.466,1
99.655,1
99.72299,1
99.91,1
100.098,1
99.638,1
118.035,1
128.11,2
GROSJEAN
845.24,2
101.778,0
98.074,1
102.245,1
98.62099,1
117.847,1
100.753,1
3198.73,1
96.728,1
111.44,1
469.146,1
99.543,1
100.105,1
99.814,1
99.994,1
100.037,1
100.421,1
120.41,1
134.472,2
ERICSSON
843.5,2
103.551,0
100.537,1
100.227,1
99.679,1
99.173,1
116.529,1
99.142,1
1288.85,1
97.327,1
119.86,1
97.69199,1
119.633,1
98.102,1
110.964,2
511.888,0
101.71,1
101.399,1
101.62,1
101.534,1
101.372,1
101.555,1
101.162,2
154.678,0
101.189,1
406.087,1
101.235,1
100.96,1
101.233,1
103.718,1
101.274,1
100.858,1
101.6,1
135.874,1
145.205,2
PEREZ
846.4301,2
96.79099,0
107.787,1
104.919,1
101.902,1
96.59499,1
103.029,2
1087.17,0
97.80801,1
97.532,1
100.743,2
138.288,2
611.11,0
96.361,1
104.509,1
111.834,1
96.35101,1
105.371,2
746.67,0
486.67,1
100.343,1
100.85,1
100.285,1
100.268,1
99.84701,1
99.84801,1
145.201,1
137.472,2
NASR
848.28,2
104.15,0
98.361,1
127.494,1
97.514,1
1449.18,1
96.822,1
114.054,1
96.98801,1
105.768,2
1517.25,0
100.871,1
383.869,1
100.461,1
100.47,1
100.242,1
100.609,1
101.035,1
100.144,1
124.921,1
143.355,2
MALDONADO
850.29,2
98.049,0
97.258,1
109.947,1
1327.78,1
104.645,1
96.16399,1
109.38,1
96.229,1
110.732,2
624.41,0
101.296,1
100.64,1
100.196,1
100.23,1
100.368,1
101.548,1
101.393,1
102.402,1
101.351,1
100.868,1
368.67,1
100.805,1
100.879,1
100.94,1
102.023,1
101.971,1
101.823,1
101.619,1
111.966,2
ALONSO
847.36,2
97.669,0
105.196,1
97.491,1
103.501,2
146.968,0
626.33,1
139.373,2
1367.21,0
96.731,1
104.426,1
101.497,1
100.794,2
1736.61,0
102.177,1
101.638,1
136.267,1
141.409,2
MASSA
851.56,2
106.604,0
101.814,1
97.159,1
1354.49,1
96.441,1
116.165,1
96.147,1
104.895,2
458.363,0
100.738,1
100.445,1
100.401,1
100.76,1
100.052,1
100.062,1
100.028,1
99.956,1
100.203,1
98.608,2
143.603,0
405.009,1
98.91901,1
99.086,1
100.48,1
103.768,1
99.253,1
98.90701,1
99.342,1
134.788,1
133.718,2
BUTTON
865.16,2
98.591,0
113.778,1
98.289,1
109.468,2
2354.9,0
97.19599,1
519.454,1
101.879,1
101.743,1
101.65,1
101.57,1
101.468,1
121.677,1
140.673,2
KVYAT
865.21,2
95.009,0
106.37,1
95.174,1
101.596,2
1080.28,0
95.036,1
108.566,1
98.405,2
610.31,0
99.259,1
99.213,1
99.77599,1
99.612,1
99.006,1
425.788,1
98.58701,1
98.913,1
98.698,1
98.677,1
98.48901,1
98.462,1
127.072,1
139.197,2
HULKENBERG
846.23,2
97.09399,0
96.69499,1
110.295,1
96.171,1
102.367,2
875.67,0
97.08,1
104.586,1
101.258,1
96.94801,1
100.877,2
557.7371,0
95.38701,1
106.852,1
99.72199,2
659.29,0
100.684,1
100.547,1
100.607,1
100.516,1
101.052,1
99.22499,2
353.195,0
99.102,1
104.148,1
99.401,1
99.649,1
99.999,1
99.71999,1
99.98901,1
113.731,1
129.766,2
STEVENS
846.04,2
105.577,0
98.816,1
109.458,1
98.508,1
105.607,2
1368.66,0
98.279,1
108.623,1
98.77599,1
107.741,2
1660.38,0
103.964,1
563.558,1
104.545,1
103.538,1
103.803,1
102.984,1
119.644,1
128.166,2
VERSTAPPEN
847.01,2
96.469,0
114.663,1
97.314,1
115.891,1
98.562,1
1278.76,1
95.3,1
116.811,1
96.436,1
111.634,1
94.78999,2
541.644,0
99.55,1
99.23599,1
99.27299,1
99.476,1
99.485,1
99.231,1
99.427,1
99.647,1
99.899,1
99.586,1
99.82,1
376.516,1
98.146,1
98.46,1
98.432,1
98.769,1
98.79299,1
98.728,1
98.873,1
118.256,1
156.386,2
HAMILTON
847.24,2
95.055,0
110.88,1
94.87701,1
100.22,2
149.499,2
1236.4,0
94.62099,1
119.951,1
96.647,2
952.88,2
149.516,2
171.877,0
99.52499,1
99.707,1
99.767,1
99.905,1
110.332,2
797.56,2
156.463,2
166.586,0
140.155,1
152.263,2
SAINZ
846.34,2
96.52299,0
112.235,1
96.46,1
134.883,1
106.662,1
1252.32,1
95.87801,1
124.492,1
95.866,1
112.97,2
443.568,0
99.845,1
99.737,1
99.661,1
99.239,1
99.45901,1
99.855,1
99.782,1
99.942,1
100.057,1
100.144,1
100.184,1
100.666,1
100.857,2
365.163,0
98.207,1
98.83,1
98.628,1
98.864,1
98.928,1
98.749,1
98.97701,1
124.661,1
144.187,2
BOTTAS
850.2,2
97.471,0
111.887,1
97.63599,1
682.01,1
97.03,1
97.142,1
101.313,2
545.627,0
96.183,1
116.117,1
96.402,1
104.403,2
563.2,0
99.938,1
100.496,1
100.18,1
100.377,1
100.037,1
111.553,2
395.581,0
327.358,1
99.80701,1
99.778,1
99.80701,1
99.812,1
100.351,1
99.897,1
99.87701,1
121.148,1
133.423,2
MERHI
848.09,2
100.105,0
114.741,1
112.669,1
100.897,1
1294.8,1
99.87801,1
116.346,1
100.642,1
117.819,2
1485.52,0
104.824,1
104.461,1
817.98,1
105.663,1
106.239,1
103.927,1
129.095,1
157.863,2
