VETTEL
1028.13,2
105.008,0
104.478,1
104.522,1
111.279,1
104.955,1
119.818,2
963.9,0
102.959,1
111.786,1
110.794,2
947.88,0
107.415,1
115.522,1
107.619,1
108.319,1
111.044,2
129.742,0
107.998,1
108.104,1
108.122,1
116.028,1
107.689,1
107.623,1
113.932,2
141.954,0
107.418,1
107.519,1
107.418,1
107.503,1
124.747,1
136.008,1
159.348,2
RICCIARDO
1032.51,2
104.799,0
129.908,1
116.054,2
929.72,0
103.422,1
123.201,1
103.183,1
117.383,2
895.71,0
107.189,1
107.408,1
107.518,1
108.478,1
108.759,1
109.112,1
109.666,1
109.051,1
110.823,2
131.808,0
107.774,1
107.556,1
108.34,1
113.495,1
107.776,1
108.092,1
112.979,1
107.541,1
108.917,1
129.775,1
134.955,1
159.438,2
ROSBERG
1029.43,2
103.024,0
131.722,1
105.106,1
127.957,2
434.179,0
102.972,1
130.958,1
120.754,1
108.44,2
449.142,0
102.303,1
137.039,1
102.196,1
124.416,2
521.233,2
171.242,0
107.597,1
107.725,1
109.71,1
107.718,1
109.341,1
107.809,1
110.197,1
114.08,2
147.175,0
108.543,1
108.001,1
108.57,1
112.982,1
109.542,1
107.269,1
110.478,1
107.215,1
127.342,1
145.06,1
157.779,2
RAIKKONEN
1028.19,2
105.381,0
117.292,1
115.572,1
111.868,1
104.987,1
127.841,2
743.1,0
104.895,1
114.476,2
552.335,0
103.489,1
123.343,1
103.782,1
115.531,2
745.92,0
108.341,1
108.758,1
109.778,1
111.83,1
114.01,2
133.5,0
108.829,1
108.402,1
108.779,1
116.042,1
108.674,1
108.728,1
108.758,1
108.91,1
132.391,1
126.232,1
149.18,2
GROSJEAN
1022.47,2
112.203,0
106.261,1
117.789,1
109.293,1
114.202,1
118.246,1
111.659,1
112.224,2
896.84,0
107.508,1
113.897,1
106.447,1
121.29,2
637.52,0
104.986,1
125.159,1
110.254,2
657.9301,0
110.006,1
109.729,1
109.599,1
109.695,1
109.415,1
110.339,1
116.039,1
109.971,1
110.079,1
110.011,1
110.318,1
110.309,1
110.899,1
131.92,1
136.91,1
164.451,2
KOBAYASHI
1023.44,2
115.896,0
107.56,1
122.063,1
106.662,1
119.555,1
113.295,2
775.82,0
105.808,1
124.764,1
105.505,1
125.038,2
834.37,0
111.507,1
110.624,1
110.805,1
110.809,1
110.302,1
110.784,1
112.418,1
110.74,1
110.751,1
112.331,1
120.843,2
133.267,0
109.061,1
109.586,1
109.755,1
109.655,1
109.599,1
109.933,1
109.81,1
110.046,1
109.969,1
110.007,1
126.477,1
135.028,1
138.184,2
PEREZ
1026.58,2
104.95,0
118.242,1
104.912,1
116.668,1
112.891,2
1041.41,0
103.746,1
121.397,1
103.837,1
116.63,2
551.23,0
107.785,1
108.501,1
113.038,2
133.534,0
109.802,1
115.052,2
131.791,0
108.127,1
114.789,1
108.406,1
108.538,1
108.987,1
111.148,1
108.87,1
108.805,1
109.518,1
109.324,1
109.324,1
109.266,1
109.606,1
109.427,1
109.315,1
137.892,1
135.949,1
164.045,2
MALDONADO
1027.32,2
105.65,0
114.52,1
106.449,1
114.517,1
105.937,1
125.475,2
748.56,0
104.005,1
115.582,1
104.448,1
113.979,2
707.91,0
109.508,1
109.911,1
111.044,1
110.9,1
112.383,1
111.36,1
110.852,1
111.581,1
124.853,1
129.405,2
138.247,0
109.352,1
109.104,1
108.855,1
109.323,1
109.239,1
109.041,1
109.292,1
110.871,1
109.604,1
109.794,1
110.01,1
141.995,1
148.964,1
146.553,2
ALONSO
1034.42,2
MASSA
1024.43,2
105.055,0
124.951,1
105.172,1
122.096,2
714.29,0
105.171,1
119.813,1
105.521,1
126.475,2
771.54,0
126.873,1
103.558,1
124.479,1
103.709,1
124.631,2
143.804,2
559.253,0
108.896,1
108.815,1
108.392,1
108.425,1
108.815,1
108.643,1
109.545,1
109.047,1
108.934,1
109.182,1
109.225,1
111.667,2
128.628,0
120.82,1
136.897,1
161.604,2
MAGNUSSEN
1023.37,2
105.72,0
118.865,1
104.895,1
117.777,2
759.79,0
104.719,1
111.548,1
104.344,1
115.866,2
528.702,0
102.895,1
121.742,1
103.9,1
132.583,2
636.08,0
108.775,1
109.984,1
110.333,1
110.336,1
114.017,2
140.077,0
108.832,1
109.424,1
109.425,1
109.432,1
109.446,1
109.387,1
109.155,1
109.253,1
109.241,1
109.394,1
108.931,1
109.326,1
140.744,1
158.32,1
121.476,2
GUTIERREZ
1028.36,2
106.097,0
121.67,1
105.683,1
116.689,1
108.537,1
118.5,2
736.74,0
104.316,1
119.81,1
105.025,1
115.254,2
595.599,0
110.359,1
109.947,1
109.574,1
110.341,1
109.978,1
109.858,1
109.915,1
110.074,1
109.996,1
110.053,1
113.706,2
137.342,0
109.074,1
108.979,1
109.637,1
110.474,1
109.672,1
110.23,1
110.459,1
111.664,1
113.215,2
141.713,0
133.45,1
140.349,1
153.764,2
BUTTON
1055.41,2
105.404,0
123.214,1
104.722,1
122.816,1
104.537,1
115.334,2
636.56,0
103.503,1
124.677,1
115.652,2
766,0
109.561,1
109.374,1
109.301,1
109.682,1
109.624,1
109.289,1
109.438,1
110.594,1
125.543,1
136.682,1
133.471,2
VERGNE
1023.3,2
105.697,0
120.055,1
105.261,1
126.572,1
120.887,1
105.296,1
117.63,2
874.53,0
104.413,1
122.303,1
104.157,1
119.598,1
108.46,2
708.41,0
108.606,1
108.429,1
108.976,1
109.095,1
108.598,1
108.834,1
109.135,1
108.861,1
108.614,1
108.883,1
108.507,1
109.522,1
109.197,1
112.14,2
138.857,0
107.936,1
107.908,1
108.242,1
109.116,1
109.22,1
109.076,1
130.232,1
135.182,1
160.801,2
KVYAT
1024.55,2
117.105,0
104.949,1
116.721,1
105.497,1
118.952,1
104.584,1
118.224,2
931.52,0
103.546,1
120.549,1
105.828,1
113.274,2
622.54,0
107.318,1
107.379,1
107.895,1
108.938,1
109.416,1
109.722,1
111.502,1
110.629,1
110.092,1
111.158,1
113.468,2
129.931,0
108.052,1
108.032,1
107.935,1
107.579,1
107.765,1
108.904,1
109.803,2
134.962,2
129.958,0
121.884,1
126.378,1
143.823,2
HULKENBERG
1024.48,2
105.44,0
114.557,1
109.006,1
116.492,1
105.69,1
113.587,2
1043.73,0
104.068,1
121.169,1
109.431,2
1219.08,0
108.969,1
110.435,1
112.24,1
111.264,1
114.252,2
131.291,0
108.664,1
109.579,1
108.876,1
111.767,1
109.274,1
113.223,1
109.024,1
109.262,1
109.479,1
109.436,1
110.831,1
125.031,1
127.573,1
137.391,2
HAMILTON
1030.55,2
103.677,0
130.089,1
120.336,1
107.512,1
116.505,1
106.379,2
153.221,2
798.44,0
120.983,1
102.159,1
133.645,1
102.113,1
130.549,2
584.205,2
170.962,2
169.1,0
108.079,1
107.173,1
107.168,1
107.201,1
108.248,1
108.557,1
108.676,1
112.961,2
135.543,0
107.35,1
107.538,1
119.361,1
107.053,1
107.066,1
107.083,1
130.27,1
134.895,1
173.145,2
BOTTAS
1037.29,2
351.597,0
104.366,1
111.569,1
104.092,1
112.58,1
104.232,1
120.699,2
131.516,2
475.505,0
103.425,1
126.188,1
103.07,1
116.139,2
542.315,0
108.345,1
108.57,1
107.943,1
108.922,1
109.291,1
109.372,1
109.232,1
109.417,1
109.625,1
109.549,1
109.879,1
136.314,2
129.755,0
107.729,1
108.398,1
108.339,1
124.544,1
137.083,1
163.274,2
SUTIL
1022.08,2
107.412,0
119.376,1
106.44,1
125.196,1
105.975,1
129.682,1
157.939,2
989.45,2
331.157,0
105.096,1
129.332,1
104.763,1
131.133,1
105.412,1
118.07,2
548.342,0
110.283,1
110.52,1
111.968,1
112.639,1
116.223,2
140.342,0
110.507,1
110.192,1
111.253,1
111.267,1
109.798,1
110.262,1
110.388,1
110.504,1
110.43,1
110.373,1
110.17,1
130.875,1
140.171,1
179.162,2
