VETTEL
670.33,2
508.453,0
116.233,1
130.878,2
1875.05,0
121.173,2
300.113,0
120.545,2
RICCIARDO
670.05,2
944.01,0
113.958,1
145.824,2
775.67,2
CHILTON
663.24,2
831.95,0
119.056,1
118.032,1
116.841,1
129.15,2
172.64,2
1399.59,0
120.044,1
119.866,1
119.236,1
124.32,1
133.774,2
ROSBERG
666.15,2
412.406,0
120.842,2
2137.68,2
RAIKKONEN
664.18,2
2841.97,0
115.062,1
133.707,2
GROSJEAN
663.02,2
555.798,0
114.514,1
123.012,2
ERICSSON
663.45,2
820.9,0
119.521,1
119.507,1
121.483,1
126.762,2
KOBAYASHI
664.39,2
921.67,0
118.835,1
117.812,1
119.613,1
128.608,2
1026.17,0
118.285,1
119.558,1
118.409,1
130.464,2
169.497,2
PEREZ
664.15,2
1717.51,0
116.019,1
128.681,2
1104.57,0
125.836,2
MALDONADO
662.54,2
480.716,0
116.676,1
117.331,1
115.228,1
123.831,1
115.32,1
129.691,2
649.76,0
116.089,1
116.537,1
ALONSO
668.55,2
BIANCHI
663.15,2
899.17,0
118.752,1
118.485,1
117.976,1
140.128,2
167.55,2
1238.71,0
119.311,1
121.242,1
119.405,1
125.71,2
146.145,0
123.785,2
MASSA
662.56,2
1397.52,0
114.834,1
114.492,1
124.269,2
MAGNUSSEN
667.53,2
2577.94,0
126.436,2
GUTIERREZ
679.45,2
592.4371,0
118.54,1
117.717,1
128.802,2
1102.41,0
118.46,1
117.468,1
125.233,2
BUTTON
666.54,2
659.92,0
115.673,1
143.714,2
VERGNE
664.06,2
1235.13,0
117.26,1
116.38,1
128.72,2
1444.37,0
116.895,1
125.602,1
124.962,2
KVYAT
666.55,2
1150.89,0
115.969,1
115.235,1
133.512,2
1469.87,0
123.918,2
HULKENBERG
665.55,2
1107.63,0
115.995,1
115.363,1
115.032,1
124.474,2
HAMILTON
669.35,2
2827.9,2
169.436,2
BOTTAS
663.12,2
1314.01,0
127.362,1
115.381,1
125.009,2
SUTIL
675.35,2
1173.05,0
117.025,1
125.425,1
125.257,2
896.82,0
116.76,1
129.825,2
