VETTEL
858.55,2
88.18999,0
87.15,1
95.554,1
87.277,1
94.198,2
813.04,0
86.844,1
95.48901,1
90.584,1
86.76199,1
100.56,2
1294.74,0
90.23599,1
89.61,1
89.976,1
89.783,1
90.051,1
89.953,1
90.609,1
89.532,1
89.748,1
89.527,1
89.861,1
98.537,1
89.634,1
96.26199,2
RICCIARDO
844.31,2
89.376,0
88.578,1
94.751,1
109.194,1
88.27399,1
100.696,2
900.92,0
94.599,1
87.98,1
94.07,1
87.73199,1
95.279,2
589.637,0
87.739,1
102.921,1
86.992,1
93.604,2
703.9301,0
93.41701,1
90.015,1
90.209,1
94.531,1
89.83701,1
89.71,1
89.829,1
89.683,1
90.043,1
89.68,1
89.716,1
89.608,1
89.606,1
89.892,1
95.741,2
126.504,0
89.56499,1
96.498,2
CHILTON
844.01,2
93.88,0
90.22099,1
96.012,1
90.103,1
109.797,2
2101.26,0
93.552,1
88.786,1
95.843,1
88.883,1
109.631,2
654.67,2
128.136,0
93.826,1
92.799,1
92.561,1
92.424,1
92.646,1
92.651,1
97.011,2
117.308,0
93.476,1
92.45701,1
92.574,1
92.423,1
92.29399,1
92.211,1
117.351,2
ROSBERG
850.09,2
95.08801,0
87.5,1
94.3,1
87.005,1
93.283,1
87.037,1
91.75,1
86.786,1
94.475,2
850.9301,0
86.22499,1
94.932,1
95.102,1
91.555,2
574.541,2
133.735,0
91.545,1
89.72199,1
89.52299,1
90.366,1
89.44801,1
89.547,1
91.416,1
89.72199,1
89.356,1
95.617,1
90.117,1
89.85001,1
89.973,1
90.38901,1
90.109,1
91.562,1
93.76399,1
94.29099,2
113.979,0
90.216,1
90.539,1
89.611,1
90.927,1
106.762,2
RAIKKONEN
852.1,2
88.501,0
93.05701,1
87.392,1
98.993,2
773.1,0
89.306,1
96.23,2
865.35,0
94.62,1
86.331,1
94.73399,1
93.406,2
624.87,2
130.282,2
126.634,0
90.19099,1
89.823,1
89.99599,1
90.13499,1
89.615,1
89.90701,1
90.416,1
89.771,1
89.63499,1
89.513,1
89.675,1
89.33701,1
89.875,1
89.772,1
105.171,2
GROSJEAN
843.07,2
92.995,0
91.572,1
92.465,1
92.481,1
100.502,2
127.761,0
91.111,1
89.784,1
89.814,1
92.20399,1
89.332,1
102.546,2
1222.35,0
98.304,1
101.212,2
1010.67,0
94.72299,1
89.085,1
93.033,1
89.371,1
95.88,2
724.97,0
92.632,1
91.843,1
95.299,1
91.575,1
92.091,1
106.928,2
ERICSSON
843.5,2
97.288,0
91.032,1
90.719,1
95.535,1
90.482,1
91.097,1
99.831,2
938.66,0
94.597,1
91.314,1
91.945,1
94.34901,1
91.26499,1
91.16199,1
104.271,2
547.066,0
89.27499,1
94.158,1
89.544,1
95.325,1
100.421,2
698.7,0
93.688,1
94.547,1
92.592,1
94.103,1
92.689,1
92.04,1
92.34801,1
92.633,1
93.141,1
92.508,1
92.79599,1
92.79599,1
92.415,1
103.439,2
KOBAYASHI
844.55,2
956.1,0
92.471,1
94.551,1
91.156,1
94.832,1
90.70499,1
97.41801,1
90.211,1
101.146,2
777.5,0
89.648,1
100.613,1
89.178,1
105.322,1
92.768,1
94.529,2
884.05,0
94.13599,1
94.007,1
93.09599,1
94.905,1
93.421,1
93.277,1
92.02499,1
99.41901,1
97.09499,2
116.503,0
92.66299,1
91.452,1
91.38801,1
97.26599,2
PEREZ
847.28,2
88.27,0
89.073,1
88.398,1
93.29199,1
87.585,1
97.437,2
461.999,0
88.068,1
95.354,2
604.26,0
87.173,1
98.573,1
87.12299,1
98.545,1
87.079,1
98.484,2
530.383,0
90,1
89.63499,1
89.805,1
89.711,1
90.468,1
89.893,1
90.129,1
90.69499,1
91.05801,1
90.143,1
89.586,1
89.561,1
93.998,2
112.341,0
90.483,1
89.683,1
90.12199,1
89.607,1
89.437,1
89.446,1
89.35101,1
91.438,1
89.81001,1
100.802,2
MALDONADO
849.46,2
94.219,0
90.08,1
93.534,1
89.155,1
93.88801,1
90.474,1
88.908,1
93.041,1
89.02499,1
97.64,2
125.255,2
801.03,0
96.05901,1
88.85001,1
93.91701,1
88.7,1
104.588,2
567.045,0
91.994,1
91.415,1
91.32,1
91.30801,1
91.12099,1
93.981,1
90.777,1
91.49599,1
91.04,1
91.09299,1
91.542,1
92.30701,1
91.21999,1
91.30801,1
91.074,1
91.188,1
91.01701,1
90.963,1
90.993,1
91.872,1
91.404,1
91.427,1
100.824,2
ALONSO
853.56,2
94.76499,0
87.101,1
100.392,1
86.78999,1
104.378,2
1240.4,0
86.56499,1
126.316,1
92.786,1
105.99,1
86.56599,1
101.274,2
125.895,2
592.662,2
135.003,2
122.498,0
89.679,1
89.55901,1
94.144,2
114.148,0
90.05901,1
89.18,1
89.441,1
106.684,2
514.782,2
BIANCHI
843.45,2
94.268,0
89.259,1
98.22499,1
89.561,1
107.136,2
820.97,0
94.89,1
89.751,1
110.679,2
856.13,0
95.316,1
88.659,1
98.688,1
88.671,1
97.83701,1
96.575,2
758.62,2
127.101,0
93.396,1
92.79299,1
93.112,1
93.38701,1
93.29099,1
94.18,1
93.085,1
97.85101,2
123.151,0
92.178,1
92.39,1
94.05901,1
92.278,1
92.915,1
115.171,2
MASSA
857.41,2
87.521,0
99.65701,1
87.381,1
104.613,2
126.497,2
871.27,0
86.935,1
100.008,1
87.484,1
104.658,2
756.11,2
160.289,2
116.492,0
89.778,1
89.76499,1
89.935,1
89.728,1
89.365,1
89.646,1
90.789,1
90.714,1
89.731,1
89.651,1
89.961,1
90.156,1
90.091,1
90.067,1
90.322,1
90.144,1
90.133,1
90.753,1
104.839,2
MAGNUSSEN
847.38,2
92.87901,0
87.634,1
97.871,1
87.812,1
94.278,1
87.014,1
94.115,1
97.673,2
653.72,0
87.089,1
95.88701,1
87.063,1
94.45,1
86.881,1
93.35201,1
87.055,1
97.893,2
678.27,0
90.864,1
90.259,1
90.209,1
90.188,1
90.485,1
90.237,1
90.413,1
90.212,1
90.238,1
90.218,1
90.38801,1
90.87,1
98.999,2
114.436,0
89.9,1
89.963,1
89.914,1
90.269,1
90.212,1
89.70599,1
89.839,1
89.703,1
89.749,1
89.738,1
100.687,2
GUTIERREZ
862.48,2
88.687,0
89.495,1
88.655,1
100.246,2
762.12,0
88.478,1
98.411,1
88.048,1
100.848,1
87.84,1
99.421,2
579.334,0
91.112,1
91.148,1
91.016,1
90.906,1
90.874,1
90.866,1
91.082,1
91.039,1
91.12299,1
91.038,1
91.185,1
95.306,2
133.76,0
91.19399,1
90.836,1
91.43,1
90.827,1
90.76299,1
90.442,1
98.175,2
BUTTON
853.54,2
89.638,0
87.451,1
96.074,1
86.975,1
98.289,1
87.002,1
102.106,2
963,0
86.76199,1
97.688,1
87.174,1
99.94701,1
86.932,1
99.966,2
603.64,0
90.368,1
90.993,1
90.88701,1
90.658,1
90.597,1
90.302,1
90.481,1
90.442,1
90.168,1
94.798,2
133.9,0
89.991,1
90.003,1
89.843,1
89.811,1
90.47,1
132.986,2
121.629,2
VERGNE
847.13,2
89.446,0
96.284,1
89.112,1
92.72599,1
89.008,1
100.62,1
88.31801,1
100.878,2
1268.44,0
88.19299,1
96.709,1
88.30701,1
97.336,1
88.239,1
95.303,1
87.929,1
99.85901,2
950.84,2
148.26,0
91.422,1
91.79399,1
91.06,1
91.067,1
91.433,1
91.187,1
91.12599,1
91.008,1
94.854,2
116.969,0
92.638,1
90.028,1
97.574,2
KVYAT
844.46,2
88.552,0
100.226,1
88.617,1
103.815,1
88.28,1
98.202,1
88.108,1
99.022,2
1382.86,0
87.506,1
106.072,1
87.476,1
101.802,1
94.437,2
712.15,2
127.819,0
90.543,1
90.156,1
90.628,1
90.243,1
90.401,1
90.24,1
90.187,1
90.81701,1
90.45901,1
90.42,1
90.546,1
90.544,1
90.73399,1
92.38801,1
90.925,1
90.614,1
90.87,1
97.456,1
91.73499,1
104.014,2
HULKENBERG
845,2
89.751,0
88.619,1
92.813,1
87.99599,1
93.77499,1
87.748,1
99.421,2
557.1459,0
91.646,1
88.396,1
93.982,1
93.961,2
922.86,0
87.843,1
101.496,1
87.227,1
98.075,1
94.003,2
479.681,0
91.19499,1
90.62499,1
90.473,1
90.372,1
90.512,1
90.586,1
90.501,1
90.533,1
90.476,1
90.545,1
95.473,2
113.645,0
91.181,1
90.16,1
89.972,1
90.167,1
90.187,1
90.23599,1
97.767,2
HAMILTON
901.35,2
87.35201,0
105.197,1
95.069,2
127.684,0
93.279,1
86.286,1
94.687,1
87.107,1
100.378,2
520.127,0
89.35001,1
89.486,1
89.30901,1
91.161,1
97.956,2
BOTTAS
858.07,2
87.445,0
98.45901,1
87.159,1
99.755,2
125.937,2
699.85,0
86.758,1
96.31801,1
86.815,1
97.883,2
849.68,2
125.859,0
90.27299,1
89.689,1
89.36,1
89.207,1
89.113,1
88.938,1
89.39,1
89.367,1
89.251,1
89.329,1
90.312,1
89.329,1
89.249,1
89.27,1
89.215,1
89.513,1
89.455,1
90.011,1
90.873,1
89.76199,1
100.321,2
SUTIL
849.44,2
91.435,0
90.055,1
89.472,1
98.137,1
88.632,1
88.63599,1
99.239,2
1001.63,0
95.504,1
88.029,1
104.487,1
88.568,1
102.695,1
95.213,2
975.17,0
91.811,1
91.438,1
91.12499,1
91.19099,1
91.52399,1
91.79299,1
90.931,1
90.931,1
91.513,1
91.94,1
91.072,1
91.98,1
90.96,1
95.111,2
131.681,0
90.899,1
90.784,1
90.911,1
105.198,2
