VETTEL
846.22,2
106.396,0
105.023,1
104.251,1
103.272,1
108.496,1
103.52,1
113.173,2
1057.7,0
103.158,1
104.212,1
103,1
104.817,1
106.799,1
107.942,2
740.04,0
115.19,1
103.301,1
119.293,1
101.396,1
112.719,2
372.857,0
106.064,1
104.991,1
105.423,1
105.73,1
428.811,1
104.651,1
107.599,2
RICCIARDO
853.19,2
119.178,0
104.427,1
119.381,1
103.439,1
120.11,1
107.153,2
986.18,0
102.543,1
117.409,1
102.061,1
114.928,1
107.255,2
728.48,0
105.159,1
105.569,1
105.736,1
105.911,1
105.796,1
105.317,1
106.88,1
105.707,1
104.845,1
104.993,1
CHILTON
842.09,2
113.499,0
107.097,1
115.878,1
106.533,1
116.232,2
904.56,0
115.293,1
106.115,1
117.564,2
694.56,0
105.505,1
113.114,1
104.53,1
126.784,2
819.98,0
112.269,1
109.985,1
109.253,1
110.583,1
109.329,1
113.553,2
133.189,0
109.953,1
108.007,1
468.461,1
108.338,1
119.508,2
ROSBERG
847.57,2
104.988,0
108.682,1
106.322,1
101.882,1
106.321,1
111.939,1
101.508,1
109.267,2
1278.89,0
101.027,1
110.395,1
100.596,1
108.116,1
100.542,1
109.301,2
693.11,2
150.417,0
105.014,1
105.301,1
104.708,1
104.695,1
104.777,1
104.545,1
105.05,1
106.722,1
412.205,2
125.717,0
117.654,2
RAIKKONEN
847.34,2
109.949,0
113.34,1
113.561,2
160.954,2
1475.1,0
101.969,1
117.476,1
111.051,1
102.129,1
117.056,1
101.63,1
120.927,2
595.831,2
149.668,2
140.877,0
105.813,1
105.635,1
105.295,1
104.994,1
104.829,1
105.966,1
110.732,1
GROSJEAN
850.13,2
110.807,0
113.873,1
117.044,1
108.146,1
120.652,2
529.655,0
107.416,1
112.413,1
111.555,2
675.52,0
104.272,1
115.781,1
108.296,1
104.025,1
112.271,1
102.892,1
118.52,2
660.6,0
106.49,1
105.863,1
105.981,1
107.04,1
105.942,1
105.775,1
106.314,1
485.912,1
106.455,1
ERICSSON
846.45,2
115.783,0
106.98,1
106.357,1
119.101,1
106.379,1
125.609,2
1057.7,0
106.974,1
106.268,1
105.458,1
119.887,2
808.74,0
104.56,1
116.718,1
104.135,1
122.038,2
747.67,0
111.807,1
111.373,1
108.57,1
KOBAYASHI
847.15,2
114.019,0
111.662,1
110.101,1
109.071,1
107.839,1
121.388,1
107.333,1
106.882,1
119.934,2
128.044,2
1113.12,0
113.725,1
109.158,1
104.952,1
115.7,2
818.42,0
111.082,1
107.861,1
107.832,1
107.398,1
109.765,1
107.462,1
109.786,1
107.037,1
111.863,1
PEREZ
846.41,2
111.362,0
109.854,1
104.048,1
106.682,1
103.034,1
108.672,2
1500.2,0
106.932,1
112.879,1
102.327,1
102.09,1
112.233,2
605.25,0
105.889,1
105.035,1
105.69,1
107.027,1
105.339,1
104.885,1
105.059,1
104.588,1
107.114,2
124.706,0
104.522,1
492.987,1
105.044,1
MALDONADO
848.13,2
114.179,0
104.84,1
128.151,1
104.398,1
119.56,1
110.587,1
103.661,1
116.795,2
912.13,0
103.187,1
113.279,1
109.229,1
102.905,1
114.452,2
137.593,2
627.22,0
108.398,1
107.59,1
107.054,1
106.15,1
106.24,1
106.736,1
106.288,1
109.881,1
106.757,1
106.261,1
106.052,1
106.184,1
468.899,1
107.753,1
117.11,2
ALONSO
849.31,2
111.129,0
109.313,1
102.801,1
116.754,1
109.929,1
102.527,1
111.526,2
820.12,0
107.526,1
102.585,1
109.402,1
106.527,1
109.497,1
101.985,1
110.465,2
135.14,2
524.313,0
101.404,1
114.653,1
107.719,1
100.889,1
108.974,1
106.866,1
100.504,1
107.346,2
358.401,2
135.07,2
464.012,2
116.072,0
116.563,2
MASSA
857.12,2
103.067,0
117.574,1
102.53,1
118.639,1
103.3,1
113.604,2
139.096,2
723.82,0
102.198,1
121.039,1
101.722,1
118.46,1
100.959,1
118.375,1
100.731,1
113.244,2
571.54,2
136.672,0
104.157,1
107.998,2
132.852,0
105.491,1
106.304,1
104.701,1
107.002,1
449.102,1
105.286,1
116.654,2
MAGNUSSEN
845.25,2
103.961,0
111.459,1
106.869,1
110.053,1
102.801,1
116.824,1
115.446,2
1078.15,0
107.759,1
102.829,1
110.802,2
149.165,0
101.065,1
114.793,1
100.494,1
116.508,2
682.03,0
105.265,1
105.388,1
104.789,1
104.973,1
105.321,1
106.197,1
104.849,1
105.393,1
104.954,1
105.408,1
104.444,1
504.56,1
116.326,2
GUTIERREZ
842.16,2
108.805,0
107.126,1
109.76,1
108.91,2
525.167,0
104.592,1
120.493,1
104.155,1
115.635,2
564.915,0
103.424,1
130.587,1
103.055,1
116.281,2
861.37,0
108.267,1
108.558,1
107.666,1
107.024,1
107.157,1
107.83,1
106.564,1
107.505,1
109.642,1
106.261,1
107.363,1
110.331,1
106.384,1
528.608,1
105.186,1
118.409,2
BUTTON
844.29,2
107.899,0
103.155,1
119.139,1
101.928,1
119.932,2
416.206,0
107.83,1
102.317,1
116.355,1
101.758,1
112.746,2
812.03,0
101.196,1
116.652,1
100.718,1
115.287,2
678.72,0
105.022,1
105.34,1
105.417,1
105.471,1
105.423,1
105.028,1
104.653,1
104.245,1
108.413,1
115.249,2
130.422,0
458.182,2
127.262,2
VERGNE
847.27,2
105.491,0
116.009,1
104.316,1
114.843,1
103.641,1
112.126,1
103.111,1
123.069,1
102.676,1
111.698,1
102.238,1
113.632,2
1010.27,0
106.513,1
102.582,1
110.356,1
102.917,1
110.578,1
101.554,1
110.282,1
101.531,1
109.977,2
604.14,0
104.656,1
105.265,1
104.85,1
104.818,1
104.319,1
489.207,1
105.476,1
108.976,2
KVYAT
846.35,2
112.516,0
118.676,1
103.348,1
118.281,1
105.612,1
116.976,1
102.558,1
113.513,2
433.63,0
103.586,1
115.039,1
110.815,2
867.54,0
101.697,1
115.304,1
101.741,1
120.206,1
101.108,1
112.061,1
101.306,1
110.79,2
575.913,2
129.338,0
104.319,1
105.142,1
104.992,1
105.303,1
435.02,1
104.755,1
107.841,2
HULKENBERG
845.17,2
108.037,0
104.33,1
106.792,1
103.581,1
116.121,2
1337.9,0
101.969,1
109.546,1
101.677,1
114.263,2
808.29,0
105.417,1
108.632,1
105.727,1
104.894,1
105.804,1
104.786,1
105.677,1
105.241,1
105.396,1
106.607,1
107.302,2
122.753,0
105.173,1
586.911,2
HAMILTON
850.06,2
114.961,0
102.333,1
119.821,1
101.75,1
119.744,1
101.941,1
118.709,2
1287.46,0
101.23,1
117.428,1
99.81701,1
120.151,1
99.63,1
124.038,2
665.26,2
133.649,0
104.783,1
104.671,1
117.429,1
104.932,1
104.439,1
103.764,1
103.894,1
480.287,2
139.196,2
BOTTAS
843.25,2
104.352,0
104.019,1
120.95,1
102.669,1
109.72,2
708.35,0
102.964,1
111.523,1
103.037,1
106.904,2
128.333,2
614.27,0
101.543,1
101.962,1
110.001,1
101.628,1
101.388,1
101.365,1
110.502,1
100.573,1
106.847,2
131.93,2
598.658,2
133.243,0
104.569,1
104.38,1
104.034,1
103.868,1
494.063,1
103.98,1
106.833,2
SUTIL
851.5,2
107.348,0
117.233,1
104.316,1
116.064,1
103.525,1
117.117,2
802.56,0
103.158,1
117.997,1
102.233,1
116.453,1
116.17,1
116.56,1
102.36,1
119.828,2
694.28,0
107.52,1
105.797,1
107.009,1
106.321,1
106.199,1
105.982,1
106.427,1
106.817,1
106.288,1
106.594,1
514.549,1
106.628,1
113.353,2
