VETTEL
603.38,2
629.02,0
110.979,1
107.058,1
117.061,1
118.024,1
106.04,1
109.278,1
105.235,1
110.528,2
811.09,0
105.174,1
104.809,1
117.466,1
105.54,1
104.564,1
119.736,1
104.506,1
109.538,2
1072.28,0
108.77,1
108.03,1
107.272,1
107.665,1
107.948,1
107.569,1
107.157,1
107.481,1
107.034,1
110.125,2
RICCIARDO
604.4901,2
480.134,0
109.473,1
107.538,1
106.169,1
114.195,1
105.554,1
117.11,1
113.034,1
105.14,1
115.566,2
2409.72,0
105.677,1
105.136,1
113.91,1
104.276,1
104.1,1
113.74,1
103.842,1
125.843,1
104.002,1
108.39,1
112.99,1
103.821,1
110.806,2
CHILTON
602.4301,2
528.67,0
112.664,1
111.954,1
110.977,1
110.347,1
110.029,1
108.88,1
108.381,1
108.208,1
123.371,2
1718.89,0
108.979,1
108.235,1
115.704,1
107.731,1
108.745,1
107.284,1
120.058,2
717.29,0
111.881,1
107.392,1
114.096,1
112.694,1
107.569,1
123.362,2
ROSBERG
609.05,2
109.932,0
106.835,1
105.186,1
104.707,1
106.655,1
108.603,1
104.125,1
116.753,2
1477.53,0
105.137,1
102.67,1
115.749,1
108.555,1
102.311,1
116.224,1
103.321,1
112.444,2
716.84,0
108.966,1
106.124,1
106.562,1
110.821,2
133.273,0
105.607,1
105.131,1
109.095,1
105.341,1
117.681,2
RAIKKONEN
602.39,2
747.37,0
107.865,1
110.851,1
111.523,1
114.954,1
106.011,1
113.843,1
106.473,1
107.818,2
1682.12,0
104.603,1
104.032,1
103.493,1
112.768,1
103.212,1
119.614,2
668.02,0
116.243,1
108.562,2
327.894,2
152.047,0
109.746,2
GROSJEAN
602.55,2
207.764,2
783.61,0
109.574,1
108.327,1
106.255,1
106.187,1
109.288,2
1122.6,0
107.834,1
111.702,1
111.494,1
113.359,1
118.704,2
1053.85,0
106.4,1
110.561,1
111.86,1
105.582,1
120.116,2
146.102,0
105.19,1
115.795,1
105.34,1
118.89,2
ERICSSON
605.39,2
2449.8,0
117.612,1
113.761,1
112.003,1
110.458,1
110.03,1
109.93,1
109.189,1
115.566,2
1081.73,0
108.543,1
107.61,1
110.698,1
117.989,1
106.922,1
107.317,1
134.896,2
PEREZ
604.12,2
728,0
111.644,1
107.875,1
106.94,1
108.736,1
105.873,1
105.041,1
111.033,2
1243.93,0
110.493,1
104.611,1
113.213,1
111.332,1
120.421,1
106.582,1
104.173,1
109.209,2
785.67,0
107.172,1
109.769,1
105.599,1
106.037,1
103.129,1
108.395,2
136.667,2
MALDONADO
603.36,2
863.24,0
111.769,1
116.39,1
108.348,1
108.312,1
133.25,2
1264.34,0
107.509,1
117.022,1
105.786,1
116.034,1
105.696,1
122.899,1
105.493,1
116.794,2
138.109,2
708.19,0
110.909,1
105.542,1
115.791,1
112.128,1
104.964,1
116.229,1
104.876,1
129.744,2
ALONSO
602.37,2
718.07,0
107.142,1
106.886,1
104.226,1
111.953,1
108.003,1
103.82,1
118.583,2
1707.53,0
113.384,1
104.307,1
114.681,1
117.597,1
103.174,1
114.958,1
102.724,1
123.16,2
461.249,2
135.422,0
104.257,1
105.273,1
108.821,1
102.72,1
109.782,1
103.923,1
114.85,2
MASSA
602.5,2
772,0
109.024,1
106.552,1
105.612,1
105.419,1
105.055,1
112.181,2
137.149,2
1791.62,0
105.675,1
104.835,1
108.369,1
103.741,1
107.417,1
115.167,2
896.69,0
110.807,1
105.247,1
106.741,1
104.835,1
120.567,2
MAGNUSSEN
603.2,2
163.874,2
153.201,2
615.46,0
105.923,1
104.921,1
104.267,1
104.478,1
115.548,2
1293.37,0
108.306,1
105.009,1
107.464,1
103.945,1
106.835,1
103.026,1
119.024,1
103.115,1
115.832,2
796.71,0
107.584,1
106.26,1
108.629,1
110.099,1
109.016,2
125.558,0
106.103,1
122.403,2
BUTTON
603.4301,2
119.126,2
655.06,0
112.798,1
105.401,1
104.012,1
115.58,1
103.053,1
102.507,1
117.523,2
1328.44,0
108.049,1
103.431,1
116.567,1
102.706,1
109.268,1
119.523,2
612.22,0
108.308,1
106.268,1
106.048,1
106.81,1
105.98,1
106.88,1
105.291,1
109.26,2
130.06,2
132.223,2
VERGNE
603.3,2
670.74,0
107.667,1
115.038,1
105.447,1
118.987,1
112.941,1
104.936,1
114.975,2
1239.44,0
103.824,1
115.94,1
103.327,1
111.757,1
112.706,2
835.14,0
108.425,1
107.724,1
118.208,2
147.06,2
149.99,2
157.006,2
160.934,2
150.611,2
KVYAT
603.18,2
647.29,0
110.127,1
113.292,1
105.457,1
122.025,1
104.686,1
133.807,1
103.896,1
125.738,2
1187.92,0
103.831,1
123.075,1
103.945,1
123.759,1
103.164,1
120.46,2
695.15,2
147.39,0
107.369,1
106.804,1
106.987,1
106.884,1
105.488,1
108.887,1
106.499,1
106.857,1
106.369,1
113.836,2
HULKENBERG
602.4,2
874.68,0
109.323,1
108.357,1
107.142,1
111.219,1
105.972,1
115.448,2
1386.08,0
105.043,1
110.489,1
104.336,1
109.866,1
112.647,2
1128.04,0
107.17,1
103.976,1
118.686,1
104.025,1
126.017,2
136.604,2
133.242,2
HAMILTON
610.22,2
114.426,0
105.12,1
123.957,2
1981.38,0
104.258,1
113.15,1
102.971,1
115.05,1
102.376,1
116.884,1
108.257,1
119.151,1
106.407,2
596.259,0
106.237,1
106.153,1
105.764,1
105.885,1
105.251,1
115.088,1
105.562,1
105.37,1
104.826,1
125.805,2
BOTTAS
603.25,2
770.5,0
106.316,1
105.153,1
104.509,1
107.628,1
103.542,1
113.469,2
125.61,2
SUTIL
604.19,2
694.4901,0
110.168,1
108.358,1
115.808,1
107.678,1
106.525,1
113.856,2
1208.1,0
106.365,1
124.369,1
113.903,1
105.43,1
115.06,1
108.442,1
105.436,1
104.625,1
116.808,2
956.27,0
106.463,1
105.293,1
105.106,1
109.417,1
105.845,1
106.086,1
126.894,2
