RICCIARDO
844.4,2
81.997,0
81.279,1
80.35901,1
80.26199,1
80.30901,1
80.52399,1
80.544,1
81.161,1
81.145,1
80.535,1
80.22499,1
81.05701,1
80.45,1
80.72199,1
80.31701,1
80.297,1
80.38901,1
80.089,1
80.739,1
80.325,1
80.35201,1
96.699,2
81.73599,0
79.321,1
79.69299,1
79.88701,1
79.45701,1
80.47701,1
79.84801,1
79.974,1
80.02,1
79.629,1
79.61,1
79.7,1
79.599,1
79.719,1
81.589,1
80.414,1
80.05901,1
79.64,1
79.43,1
79.42599,1
79.16399,1
79.536,1
79.55701,1
82.91,1
79.816,1
79.546,1
79.52299,1
79.479,1
79.8,1
80.217,1
80.201,1
79.561,1
79.321,1
79.48801,1
79.899,1
79.97,1
79.753,1
79.328,1
79.494,1
79.28999,1
81.19499,1
79.867,1
79.416,1
79.06,1
81.942,1
81.656,1
VETTEL
844.44,2
81.937,0
80.966,1
81.368,1
80.413,1
80.968,1
101.133,2
81.071,0
79.97,1
78.645,1
78.482,1
78.617,1
78.835,1
78.616,1
79.49599,1
78.573,1
78.59499,1
80.881,1
82.333,1
79.334,1
78.69099,1
78.544,1
78.46,1
78.52599,1
78.12399,1
78.973,1
78.935,1
78.895,1
78.789,1
78.92,1
79.302,1
78.91701,1
78.248,1
78.362,1
96.427,2
79.905,0
77.481,1
77.299,1
77.472,1
77.428,1
78.614,1
78.603,1
79.499,1
78.23,1
77.828,1
77.95901,1
77.675,1
77.772,1
79,1
77.898,1
77.799,1
77.72299,1
77.955,1
77.545,1
78.01801,1
77.499,1
77.811,1
78.116,1
77.105,1
77.494,1
77.677,1
77.58,1
78.068,1
77.781,1
77.712,1
77.803,1
77.981,1
77.58,1
77.573,1
80.29099,1
ROSBERG
844.35,2
79.79399,0
79.73199,1
79.056,1
79.101,1
79.089,1
79.109,1
79.344,1
78.909,1
78.79499,1
78.673,1
78.74,1
78.462,1
78.758,1
78.33801,1
78.23199,1
78.335,1
78.715,1
79.039,1
78.363,1
78.243,1
78.69299,1
78.715,1
79.141,1
78.396,1
78.567,1
78.22099,1
77.97,1
79.241,1
93.758,2
80.108,0
78.01,1
78.055,1
78.392,1
78.543,1
78.64,1
79.16399,1
79.049,1
78.619,1
78.55,1
78.586,1
78.199,1
78.375,1
78.322,1
78.008,1
78.27,1
77.92,1
78.161,1
78.41901,1
77.955,1
78.031,1
77.803,1
77.865,1
78.082,1
77.88801,1
77.905,1
77.882,1
78.13499,1
77.92599,1
78.215,1
77.981,1
78.084,1
77.637,1
77.661,1
78.35001,1
78.134,1
78.592,1
78.063,1
77.984,1
78.148,1
RAIKKONEN
844.36,2
80.064,0
79.374,1
79.325,1
79.288,1
79.155,1
79.18999,1
79.168,1
79.368,1
79.30801,1
79.055,1
78.855,1
78.79499,1
78.843,1
78.69599,1
78.76299,1
78.798,1
78.66499,1
79.099,1
79.109,1
78.839,1
78.801,1
78.897,1
79.20399,1
79.138,1
94.994,2
90.37801,0
78.69599,1
78.325,1
78.584,1
78.48901,1
78.738,1
78.828,1
78.869,1
78.916,1
79.22199,1
78.608,1
78.474,1
78.421,1
95.181,2
79.995,0
76.98701,1
77.465,1
77.902,1
77.98901,1
77.862,1
78.239,1
78.38801,1
77.846,1
78.561,1
78.521,1
78.139,1
78.083,1
78.328,1
78.398,1
78.13599,1
78.147,1
77.98801,1
77.96,1
78.064,1
78.113,1
78.601,1
78.464,1
77.653,1
77.968,1
77.667,1
77.979,1
77.99,1
78.287,1
83.652,1
GROSJEAN
844.38,2
80.66199,0
80.305,1
80.085,1
79.80901,1
79.861,1
79.836,1
79.48701,1
79.699,1
80.012,1
79.87901,1
79.938,1
79.63599,1
79.442,1
79.248,1
79.363,1
79.38,1
79.29599,1
79.48901,1
79.801,1
79.632,1
79.952,1
79.74,1
80.301,1
81.472,1
80.09,1
96.425,2
81.254,0
78.649,1
79.187,1
79.285,1
79.003,1
78.73599,1
78.73599,1
79.435,1
79.314,1
79.16,1
79.393,1
79.493,1
78.993,1
78.873,1
78.49,1
78.77,1
78.455,1
78.573,1
78.685,1
78.68999,1
78.673,1
113.465,2
81.37901,0
77.969,1
78.26399,1
78.38901,1
79.498,1
79.118,1
78.299,1
78.22499,1
78.40701,1
78.239,1
79.17599,1
78.312,1
78.461,1
78.707,1
78.475,1
78.106,1
78.454,1
78.362,1
78.116,1
79.062,1
ERICSSON
844.42,2
82.644,0
81.45901,1
81.20499,1
80.954,1
81.12099,1
80.85201,1
80.81801,1
81.743,1
80.797,1
80.556,1
80.37701,1
80.249,1
80.70499,1
80.475,1
80.238,1
79.962,1
80.35201,1
80.328,1
80.59399,1
81.013,1
81.33801,1
81.039,1
80.69399,1
80.425,1
80.154,1
80.473,1
97.567,2
82.92,0
79.41,1
80.02299,1
80.102,1
79.867,1
79.994,1
80.019,1
80.327,1
82.933,1
80.112,1
79.617,1
79.543,1
79.649,1
79.824,1
79.452,1
79.167,1
79.544,1
79.083,1
79.241,1
79.09399,1
79.27599,1
79.73299,1
79.65701,1
81.546,1
79.956,1
80.08,1
81.171,1
79.527,1
79.392,1
78.89,1
79.37701,1
79.051,1
79.659,1
80.728,1
79.468,1
79.067,1
79.45801,1
79.009,1
79.02599,1
80.09299,1
79.922,1
PEREZ
844.41,2
82.323,0
81.182,1
80.886,1
80.549,1
80.01701,1
79.995,1
80.217,1
79.966,1
80.16199,1
80.229,1
80.239,1
80.22599,1
80.616,1
81.18,1
80.896,1
80.315,1
80.399,1
80.502,1
80.245,1
80.16499,1
80.267,1
80.544,1
95.994,2
81.769,0
78.902,1
80.085,1
79.186,1
79.564,1
79.76599,1
79.58701,1
79.716,1
80.05,1
79.4,1
79.18999,1
79.933,1
79.604,1
79.839,1
80.239,1
79.967,1
79.862,1
79.6,1
79.554,1
79.554,1
79.671,1
79.256,1
79.383,1
79.11,1
78.88901,1
79.22499,1
81.92599,1
79.522,1
79.064,1
79.436,1
81.313,1
79.964,1
79.66,1
79.202,1
79.67599,1
79.542,1
78.898,1
79.16,1
79.277,1
79.632,1
79.667,1
80.071,1
80.962,1
80.804,1
80.16299,1
NASR
844.44,2
83.435,0
81.87701,1
81.921,1
81.35801,1
81.099,1
80.943,1
80.674,1
81.466,1
81.355,1
81.934,1
81.514,1
81.45801,1
81.19199,1
81.66299,1
81.478,1
81.396,1
81.107,1
81.413,1
80.728,1
80.758,1
80.73599,1
81.586,1
81.637,1
81.35801,1
98.463,2
83.512,0
79.867,1
79.903,1
79.943,1
79.975,1
80.576,1
79.943,1
79.963,1
80.152,1
80.219,1
79.854,1
79.608,1
79.71,1
80.899,1
80.01701,1
79.975,1
79.717,1
79.952,1
80.465,1
79.51701,1
79.08801,1
79.749,1
79.451,1
80.875,1
79.707,1
79.871,1
79.356,1
79.87,1
79.699,1
80.03,1
80.98901,1
79.801,1
80.26599,1
82.30701,1
80.12,1
79.172,1
79.35001,1
80.02599,1
80.38801,1
80.22499,1
80.102,1
83.37,1
MALDONADO
844.39,2
80.78,0
80.332,1
79.875,1
80.253,1
80.237,1
79.875,1
80.19399,1
80.241,1
79.79599,1
80.145,1
80.142,1
80.272,1
80.09,1
80.116,1
80.384,1
96.045,2
81.698,0
79.55801,1
79.683,1
79.363,1
79.346,1
79.843,1
79.498,1
79.019,1
78.85201,1
78.94801,1
79.075,1
81.35101,1
79.499,1
78.914,1
79.105,1
78.742,1
79.106,1
78.928,1
78.913,1
78.88,1
78.74,1
78.901,1
78.701,1
78.825,1
78.689,1
78.687,1
78.697,1
78.653,1
78.529,1
79.032,1
78.886,1
79.208,1
78.981,1
78.385,1
78.822,1
78.499,1
78.404,1
79.591,1
78.873,1
78.76099,1
78.885,1
78.652,1
78.709,1
78.591,1
79.27599,1
79.47,1
78.821,1
78.79499,1
78.679,1
78.799,1
79.141,1
79.113,1
79.627,1
ALONSO
844.42,2
82.75,0
82.098,1
82.391,1
81.81801,1
81,1
81.027,1
81.22199,1
81.547,1
81.06499,1
80.845,1
80.68,1
80.654,1
80.75999,1
80.476,1
80.511,1
80.738,1
81.26299,1
81.108,1
80.886,1
80.81001,1
80.535,1
80.48,1
80.491,1
80.786,1
80.673,1
81.16599,1
80.668,1
81.173,1
80.70599,1
96.685,2
83.76499,0
80.72199,1
80.62,1
80.543,1
80.609,1
80.049,1
79.979,1
80.052,1
79.964,1
79.58,1
79.95701,1
79.928,1
82.41801,1
MASSA
844.4301,2
82.091,0
81.516,1
81.078,1
80.963,1
81.09399,1
80.863,1
80.779,1
80.29299,1
79.364,1
79.429,1
79.397,1
79.35001,1
79.497,1
79.815,1
79.498,1
79.509,1
79.99599,1
80.047,1
79.519,1
79.678,1
79.806,1
79.714,1
79.374,1
79.44801,1
79.655,1
80.21999,1
79.823,1
80.771,1
80.78,1
79.67,1
79.741,1
79.69599,1
79.767,1
80.398,1
80.682,1
96.41701,2
79.955,0
78.173,1
78.305,1
78.54,1
78.259,1
78.80801,1
78.27499,1
78.3,1
78.22499,1
77.85801,1
77.894,1
78.173,1
77.697,1
77.916,1
77.79299,1
77.90701,1
78.30801,1
77.843,1
77.927,1
77.83,1
78.056,1
77.76199,1
77.70599,1
77.92599,1
77.983,1
77.758,1
77.553,1
78.042,1
77.718,1
77.601,1
77.583,1
77.788,1
78.683,1
BUTTON
844.55,2
85.27399,0
82.19499,1
82.034,1
81.424,1
80.754,1
81.077,1
82.29099,1
82.201,1
81.054,1
81.019,1
80.997,1
81.029,1
80.823,1
81.064,1
81.46,1
81.22499,1
81.42,1
81.41701,1
81.34901,1
82.715,1
82.68999,1
81.37901,1
82.803,1
81.404,1
82.674,1
81.51,1
81.181,1
80.755,1
80.993,1
80.658,1
80.433,1
80.329,1
80.37801,1
83.25999,1
80.58,1
80.185,1
80.29399,1
79.823,1
80.301,1
80.301,1
80.258,1
81.22099,1
97.909,2
82.185,0
79.35201,1
79.13,1
79.105,1
78.856,1
79.109,1
79.178,1
79.083,1
79.52299,1
81.427,1
KVYAT
844.4,2
81.673,0
80.716,1
80.805,1
80.316,1
80.207,1
80.148,1
80.306,1
80.37801,1
80.479,1
80.598,1
80.495,1
80.239,1
79.856,1
80.656,1
80.19099,1
79.934,1
80.06599,1
80.928,1
81.117,1
80.16299,1
80.412,1
80.086,1
80.09599,1
79.971,1
79.814,1
96.137,2
81.79399,0
79.62499,1
79.21,1
79.427,1
79.955,1
79.812,1
79.707,1
79.42599,1
80.117,1
79.259,1
80.05901,1
79.599,1
80.38901,1
79.57,1
79.648,1
79.844,1
79.139,1
79.039,1
79.25999,1
79.24,1
79.325,1
79.013,1
78.84,1
78.835,1
78.813,1
82.256,1
79.42,1
78.719,1
78.922,1
79.87801,1
78.982,1
78.607,1
78.853,1
78.52,1
78.508,1
78.28,1
78.279,1
78.084,1
78.554,1
78.207,1
78.362,1
78.048,1
HULKENBERG
844.38,2
80.787,0
80.51,1
80.181,1
80.13,1
80.104,1
80.006,1
80.09,1
80.137,1
79.94901,1
80.078,1
80.302,1
80.003,1
80.26099,1
80.35101,1
80.075,1
79.937,1
80.311,1
80.22299,1
80.052,1
79.816,1
79.938,1
80.072,1
80.05,1
79.709,1
80.069,1
80.497,1
95.434,2
81.495,0
79.631,1
79.456,1
79.564,1
79.39,1
79.863,1
79.259,1
79.249,1
79.004,1
78.85801,1
79.592,1
78.85201,1
78.673,1
78.562,1
89.011,1
80.119,1
78.38901,1
78.84701,1
78.865,1
79.298,1
78.835,1
78.984,1
79.22399,1
78.65,1
78.424,1
78.707,1
78.648,1
78.331,1
78.468,1
79.675,1
78.4,1
78.821,1
78.52599,1
81.513,1
78.653,1
78.601,1
78.269,1
78.238,1
78.45701,1
78.346,1
78.649,1
STEVENS
844.47,2
84.219,0
83.09499,1
83.005,1
82.88801,1
83.22399,1
83.546,1
83.045,1
83.978,1
82.99599,1
82.72399,1
82.42599,1
82.37701,1
82.25,1
82.506,1
82.284,1
82.70499,1
83.508,1
83.145,1
83.865,1
82.451,1
82.182,1
82.117,1
82.336,1
83.103,1
83.139,1
82.581,1
82.071,1
82.63,1
82.453,1
83.616,1
82.23499,1
82.605,1
105.353,2
85.758,0
81.111,1
80.744,1
80.707,1
80.975,1
81.33701,1
82.453,1
83.935,1
81.924,1
81.85201,1
81.901,1
81.638,1
134.767,2
85.486,0
82.08,1
80.835,1
80.84901,1
82.79299,1
81.575,1
82.033,1
82.76099,1
83.271,1
81.689,1
81.929,1
81.853,1
81.717,1
85.24599,1
81.689,1
83.91801,1
81.513,1
81.737,1
81.923,1
VERSTAPPEN
844.45,2
82.718,0
81.782,1
81.969,1
81.503,1
81.31901,1
81.148,1
80.952,1
80.991,1
80.964,1
80.644,1
81.002,1
80.612,1
80.40701,1
80.438,1
80.217,1
80.02,1
80.59,1
80.332,1
80.405,1
80.782,1
80.344,1
80.116,1
80.289,1
80.153,1
79.855,1
79.91901,1
80.081,1
80.405,1
80.769,1
79.946,1
80.825,1
80.936,1
80.896,1
80.267,1
80.113,1
80.067,1
80.27499,1
108.627,2
81.186,0
79.552,1
79.69599,1
79.219,1
78.972,1
79.329,1
78.93,1
79.314,1
78.753,1
78.66399,1
78.616,1
78.728,1
78.66199,1
78.69199,1
78.73199,1
78.754,1
78.81001,1
78.77,1
78.731,1
79.41901,1
79.431,1
80.956,1
79.153,1
79.465,1
80.02499,1
79.607,1
79.966,1
79.38901,1
79.26599,1
79.112,1
HAMILTON
844.34,2
79.511,0
79.329,1
79.075,1
79.142,1
78.697,1
78.81701,1
78.902,1
78.79299,1
78.909,1
78.469,1
78.7,1
78.331,1
78.425,1
78.386,1
78.051,1
78.328,1
78.939,1
78.455,1
78.597,1
78.375,1
78.76299,1
78.081,1
78.84701,1
78.645,1
78.617,1
78.443,1
78.632,1
94.813,2
80.971,0
78.31901,1
78.26299,1
78.923,1
78.016,1
78.45801,1
78.395,1
78.74,1
79.188,1
78.91701,1
78.827,1
78.718,1
78.471,1
78.202,1
78.35901,1
78.252,1
78.063,1
78.076,1
78.04,1
78.08701,1
78.022,1
78.27499,1
78.062,1
77.651,1
78.031,1
78.044,1
77.501,1
77.946,1
77.921,1
77.83701,1
78.56,1
77.782,1
77.97,1
78.14,1
77.472,1
77.677,1
77.616,1
77.74,1
77.93,1
78.042,1
79.409,1
SAINZ
844.4301,2
82.301,0
81.972,1
81.77399,1
81.422,1
81.184,1
81.013,1
81.22399,1
80.685,1
80.69399,1
80.604,1
80.4,1
80.381,1
80.603,1
80.335,1
80.391,1
80.367,1
80.582,1
80.79299,1
80.62,1
79.985,1
81.416,1
80.65,1
80.07,1
80.12499,1
80.141,1
96.845,2
81.99599,0
79.396,1
79.286,1
79.151,1
79.248,1
79.331,1
81.403,1
79.509,1
79.532,1
79.12099,1
79,1
79.031,1
79.231,1
79.476,1
79.341,1
81.07,1
80.07,1
79.343,1
79.069,1
79.47701,1
79.13499,1
79.281,1
79.329,1
79.137,1
79.249,1
79.197,1
79.18999,1
79.386,1
79.156,1
78.961,1
79.104,1
79.31001,1
79.24599,1
78.811,1
79.33,1
79.258,1
80.51801,1
79.738,1
79.4,1
79.34801,1
79.19499,1
78.891,1
BOTTAS
844.37,2
80.542,0
79.87,1
79.30701,1
79.31801,1
79.12299,1
79.09499,1
79.22399,1
79.445,1
79.26199,1
79.06599,1
79.102,1
78.89,1
78.99599,1
78.913,1
78.779,1
79.082,1
78.856,1
79.16199,1
79.109,1
79.893,1
78.952,1
79.005,1
79.091,1
79.17,1
79.161,1
79.507,1
97.332,2
80.503,0
78.316,1
78.288,1
78.979,1
78.875,1
78.913,1
78.88,1
79.303,1
78.62499,1
78.756,1
78.38901,1
78.49599,1
79.209,1
78.73,1
78.684,1
78.75999,1
78.554,1
78.828,1
78.437,1
78.669,1
78.441,1
78.618,1
78.717,1
78.62199,1
78.61,1
78.574,1
78.885,1
78.72099,1
78.606,1
78.53,1
78.372,1
78.502,1
78.37801,1
78.462,1
78.375,1
78.268,1
78.549,1
78.267,1
77.922,1
78.629,1
79.371,1
83.19299,1
MERHI
844.46,2
83.872,0
83.455,1
83.085,1
83.09499,1
83.34901,1
84.19099,1
84.05901,1
83.908,1
83.09499,1
82.633,1
82.6,1
82.452,1
82.26399,1
82.494,1
82.286,1
83.244,1
83.215,1
83.421,1
82.12299,1
82.55901,1
82.494,1
82.052,1
83.072,1
82.127,1
82.92,1
83.52,1
83.069,1
82.758,1
84.007,1
82.29299,1
82.869,1
81.97,1
81.98801,1
103.062,2
83.494,0
80.804,1
80.85801,1
80.80701,1
81.16599,1
82.001,1
81.95701,1
82.33801,1
82.32,1
81.452,1
81.567,1
81.178,1
81.13499,1
81.19299,1
82,1
82.59499,1
82.01,1
81.821,1
81.52399,1
81.62599,1
82.474,1
83.101,1
