VETTEL
1206.02,2
113.882,0
113.561,1
113.532,1
113.537,1
113.52,1
113.578,1
113.754,1
114.208,1
114.588,1
115.059,1
122.987,2
134.739,0
113.019,1
113.073,1
113.202,1
113.055,1
113.048,1
113.292,1
113.293,1
113.582,1
113.678,1
113.845,1
114.222,1
122.235,2
132.814,0
112.519,1
113.101,1
112.703,1
112.699,1
140.746,1
174.247,1
163.098,1
160.601,1
165.655,1
157.909,1
158.428,1
114.007,1
112.967,1
113.33,1
113.383,1
113.341,1
113.436,1
113.67,1
113.697,1
113.459,1
113.393,1
113.604,1
113.718,1
114.294,1
114.033,1
114.554,1
114.454,1
116.091,1
115.495,1
115.746,1
115.707,1
116.397,1
115.786,1
115.569,1
RICCIARDO
1206.04,2
114.994,0
114.889,1
114.725,1
114.476,1
114.722,1
114.506,1
114.302,1
114.557,1
114.478,1
114.305,1
121.701,2
133.648,0
113.013,1
113.161,1
112.964,1
113.084,1
113.315,1
113.033,1
113.436,1
113.268,1
113.38,1
113.821,1
114.051,1
114.544,1
114.279,1
122.128,2
132.594,0
112.655,1
112.569,1
142.014,1
165.737,1
162.869,1
160.65,1
165.024,1
158.422,1
157.723,1
114.627,1
113.299,1
113.526,1
113.042,1
114.134,1
113.875,1
114.423,1
114.086,1
113.889,1
113.72,1
113.909,1
113.366,1
113.407,1
113.434,1
113.829,1
115.025,1
115.063,1
115.027,1
115.36,1
115.645,1
116.211,1
116.15,1
115.448,1
CHILTON
1206.16,2
119.961,0
118.876,1
119.036,1
118.961,1
118.275,1
118.627,1
118.47,1
118.379,1
119.15,1
120.829,1
120.352,1
119.228,1
119.52,1
119.98,1
127.93,2
138.233,0
130.3,2
148.075,0
116.923,1
117.254,1
118.075,1
119.377,1
118.313,1
117.715,1
121.136,1
118.818,1
117.95,1
123.076,1
166.169,1
129.41,1
133.182,1
153.929,1
142.488,1
120.797,1
118.46,1
118.553,1
118.6,1
118.448,1
118.06,1
127.243,2
138.364,0
113.807,1
115.451,1
115.373,1
115.812,1
116.033,1
117.351,1
116.392,1
115.422,1
115.709,1
116.989,1
117.005,1
116.95,1
116.826,1
119.828,1
118.046,1
122.507,1
118.617,1
ROSBERG
1206.17,2
119.54,0
119.073,1
118.013,1
116.769,1
117.657,1
118.577,1
118.609,1
118.296,1
119.445,1
120.555,1
120.156,1
125.283,2
RAIKKONEN
1206.05,2
114.952,0
114.899,1
114.979,1
114.511,1
115.078,1
114.692,1
115.126,1
115.139,1
115.338,1
122.577,2
134.449,0
115.027,1
115.446,1
113.456,1
114.779,1
113.416,1
113.45,1
113.374,1
113.542,1
114.049,1
114.218,1
113.355,1
114.201,1
121.111,2
132.911,0
113.102,1
112.872,1
113.337,1
114.349,1
156.668,2
177.094,0
133.181,1
159.959,1
163.73,1
157.894,1
154.524,1
116.959,1
115.242,1
114.686,1
114.69,1
115.078,1
114.765,1
114.928,1
115.201,1
114.935,1
115.384,1
115.376,1
115.949,1
115.768,1
116.169,1
116.291,1
115.991,1
117.127,1
117.365,1
117.579,1
117.683,1
118.142,1
119.713,1
119.192,1
GROSJEAN
1206.13,2
116.773,0
116.16,1
115.922,1
116.636,1
116.008,1
116.046,1
116.385,1
116.636,1
123.729,2
136.082,0
115.756,1
114.585,1
114.675,1
116.2,1
115.037,1
114.802,1
114.826,1
114.861,1
114.764,1
114.989,1
123.222,2
133.338,0
113.868,1
113.543,1
113.726,1
113.941,1
115.394,1
116.61,1
126.344,2
177.994,0
135.505,1
119.191,1
147.864,1
163.648,1
158.758,1
151.72,1
119.683,1
115.138,1
114.433,1
115.657,1
115.213,1
116.541,1
115.908,1
114.64,1
114.826,1
115.179,1
115.028,1
115.264,1
115.192,1
116.383,1
117.053,1
117.726,1
117.124,1
118.968,1
117.368,1
117.829,1
117.552,1
117.188,1
118.822,1
ERICSSON
1206.16,2
119.043,0
118.755,1
118.168,1
118.261,1
117.757,1
118.578,1
118.463,1
118.425,1
118.571,1
121.431,1
127.677,2
137.611,0
115.416,1
116.646,1
117.089,1
116.73,1
116.564,1
116.875,1
117.333,1
117.067,1
117.386,1
118.964,1
117.639,1
117.567,1
117.847,1
117.278,1
117.635,1
120.439,1
150.125,2
181.603,0
154.262,1
161.776,1
134.809,1
120.478,1
119.647,1
118.356,1
116.825,1
116.076,1
117.136,1
116.545,1
116.227,1
116.081,1
116.599,1
116.852,1
117.612,1
117.097,1
120.38,1
117.621,1
117.056,1
117.035,1
116.688,1
117.084,1
117.495,1
117.279,1
117.222,1
117.24,1
117.736,1
117.717,1
118.224,1
KOBAYASHI
PEREZ
1206.13,2
116.731,0
116.059,1
116.211,1
116.353,1
116.069,1
115.962,1
116.446,1
116.529,1
117.001,1
117.455,1
116.623,1
116.914,1
119.18,1
124.618,2
135.739,0
115.64,1
114.414,1
115.412,1
115.395,1
116.1,1
116.591,1
116.816,1
116.093,1
115.837,1
116.753,1
115.702,1
115.332,1
123.631,2
160.551,2
200.433,0
163.608,1
160.473,1
133.036,1
116.95,1
115.739,1
125.539,1
119.362,1
115.003,1
114.557,1
114.943,1
115.553,1
115.872,1
123.224,2
132.131,0
112.007,1
114.172,1
115.04,1
112.355,1
112.356,1
112.624,1
112.875,1
113.379,1
114.432,1
117.984,1
115.745,1
114.043,1
115.315,1
117.816,1
117.022,1
MALDONADO
1206.14,2
117.362,0
116.865,1
116.191,1
116.084,1
116.439,1
116.533,1
116.314,1
118.478,1
116.35,1
123.587,2
136.529,0
116.575,1
115.748,1
115.265,1
115.461,1
115.569,1
115.392,1
115.288,1
116.082,1
116.556,1
116.585,1
124.234,2
133.544,0
115.169,1
113.213,1
113.556,1
114.215,1
113.669,1
130.691,2
184.895,2
140.458,0
121.97,1
120.214,1
161.626,1
158.569,1
150.407,1
117.098,1
115.258,1
115.156,1
115.85,1
115.18,1
117.006,1
114.99,1
114.375,1
115.372,1
114.875,1
114.938,1
115,1
115.142,1
116.862,1
115.572,1
118.756,1
117.055,1
118.974,1
118.453,1
117.063,1
117.513,1
117.677,1
118.57,1
ALONSO
1206.04,2
114.848,0
114.498,1
114.323,1
113.987,1
113.697,1
113.971,1
114.014,1
114.23,1
114.552,1
114.569,1
122.262,2
133.063,0
113.144,1
113.561,1
113.003,1
113.176,1
112.993,1
112.849,1
112.893,1
113.129,1
113.395,1
113.408,1
121.033,2
129.685,0
112.668,1
112.115,1
112.263,1
112.198,1
112.897,1
145.11,2
179.613,0
161.388,1
160.904,1
165.285,1
157.973,1
157.433,1
115.822,1
114.115,1
113.494,1
113.532,1
113.213,1
113.656,1
114.292,1
114.018,1
113.834,1
113.48,1
113.947,1
113.722,1
113.292,1
113.474,1
113.518,1
114.72,1
115.108,1
114.765,1
115.226,1
115.638,1
116.182,1
116.129,1
116.016,1
BIANCHI
1206.15,2
118.388,0
117.247,1
117.048,1
117.705,1
117.386,1
116.985,1
117.463,1
117.415,1
117.567,1
117.396,1
118.139,1
119.05,1
118.704,1
126.5,2
138.787,0
116.092,1
116.457,1
116.125,1
116.32,1
115.84,1
116.033,1
116.036,1
116.358,1
117.761,1
116.269,1
116.261,1
119.109,1
117.391,1
139.077,2
197.036,0
165.043,1
160.775,1
132.991,1
116.783,1
115.43,1
126.258,1
119.35,1
117.768,1
116.825,1
116.112,1
116.404,1
116.825,1
116.498,1
124.138,2
135.594,0
113.538,1
114.78,1
114.774,1
114.368,1
115.075,1
115.049,1
115.215,1
116.347,1
117.285,1
117.03,1
117.585,1
118.606,1
117.166,1
117.511,1
MASSA
1206.07,2
114.777,0
114.775,1
114.97,1
114.549,1
115.057,1
114.737,1
115.384,1
115.193,1
122.522,2
133.546,0
114.423,1
114.972,1
114.735,1
113.449,1
113.555,1
113.516,1
113.628,1
113.293,1
113.766,1
114.309,1
121.666,2
132.339,0
114.023,1
113.989,1
113.73,1
113.283,1
113.497,1
113.614,1
114.243,1
148.398,1
160.341,1
152.785,1
161.891,1
163.838,1
157.606,1
157.236,1
116.334,1
114.627,1
114.248,1
114.279,1
114.49,1
114.392,1
114.624,1
114.774,1
114.951,1
114.764,1
115.096,1
115.128,1
115.248,1
115.583,1
115.282,1
115.918,1
116.332,1
116.421,1
116.25,1
116.978,1
116.98,1
116.773,1
117.987,1
MAGNUSSEN
1206.1,2
115.911,0
115.468,1
115.416,1
115.4,1
115.257,1
115.177,1
115.324,1
115.38,1
115.258,1
115.456,1
115.768,1
123.106,2
133.914,0
115.163,1
114.357,1
114.141,1
114.266,1
114.639,1
114.738,1
114.864,1
114.921,1
115.418,1
115.795,1
115.712,1
122.108,2
132.717,0
112.596,1
112.744,1
112.871,1
158.373,1
161.108,1
131.717,1
156.263,1
163.55,1
159.855,1
152.713,1
116.581,1
115.49,1
114.869,1
115.018,1
115.012,1
115.064,1
115.253,1
114.628,1
122.493,2
133.567,0
111.639,1
112.699,1
111.817,1
112.094,1
112.647,1
115.372,1
117.367,1
116.27,1
114.296,1
115.147,1
118.389,1
120.768,1
118.076,1
GUTIERREZ
1206.12,2
116.754,0
115.951,1
116.319,1
116.245,1
115.684,1
116.156,1
116.462,1
116.663,1
117.164,1
117.473,1
119.361,1
119.407,1
120.268,1
129.944,2
144.694,0
128.93,2
BUTTON
1206.07,2
115.408,0
114.777,1
114.937,1
115.171,1
114.865,1
114.575,1
115.251,1
115.407,1
115.338,1
115.316,1
115.723,1
115.996,1
124.315,2
134.01,0
113.707,1
114.529,1
114.558,1
114.839,1
114.389,1
114.589,1
114.818,1
114.946,1
114.808,1
114.832,1
115.077,1
115.335,1
115.219,1
115.2,1
115.405,1
155.814,2
176.057,0
136.113,1
159.484,1
163.73,1
158.008,1
155.482,1
116.772,1
115.251,1
114.665,1
114.643,1
114.551,1
115.41,1
114.71,1
115.12,1
115.094,1
115.56,1
115.406,1
115.753,1
115.935,1
116.13,1
116.311,1
VERGNE
1206.11,2
116.384,0
115.353,1
115.511,1
115.569,1
115.423,1
115.134,1
115.636,1
115.502,1
115.839,1
122.793,2
134.129,0
112.994,1
115.216,1
114.211,1
113.681,1
113.795,1
114.269,1
114.869,1
114.689,1
115.283,1
115.44,1
115.257,1
122.665,2
138.959,0
112.217,1
112.78,1
112.423,1
112.854,1
113.059,1
157.429,1
157.707,1
135.621,1
157.137,1
163.668,1
159.082,1
153.417,1
116.652,1
115.47,1
114.721,1
114.757,1
115.318,1
114.791,1
121.96,2
132.713,0
112.037,1
111.976,1
111.937,1
112.416,1
112.864,1
114.083,1
114.824,1
115.991,1
113.968,1
115.801,1
117.277,1
117.793,1
117.569,1
115.409,1
114.33,1
KVYAT
1206.1,2
116.226,0
115.295,1
115.557,1
115.438,1
115.359,1
115.67,1
117.688,1
116.741,1
124.334,2
138.005,0
114.615,1
114.553,1
116.092,1
115.504,1
114.965,1
115.152,1
114.862,1
114.924,1
115.571,1
116.381,1
116.198,1
123.046,2
134.534,0
113.19,1
113.609,1
113.635,1
114.771,1
116.537,1
121.942,1
165.142,1
129.451,1
133.741,1
153.839,1
162.984,1
159.482,1
152.73,1
116.581,1
115.513,1
115.274,1
115.034,1
116.085,1
125.576,2
135.399,0
111.761,1
112.993,1
114.899,1
116.665,1
113.213,1
113.564,1
113.477,1
113.425,1
113.149,1
114.475,1
115.235,1
116.705,1
117.647,1
118.512,1
118.627,1
119.752,1
HULKENBERG
1206.11,2
116.829,0
115.671,1
115.766,1
115.709,1
115.538,1
115.522,1
116.832,1
124.068,2
134.582,0
113.482,1
113.934,1
114.65,1
114.559,1
115.622,1
114.602,1
114.67,1
114.279,1
114.569,1
115.115,1
114.972,1
115.481,1
115.865,1
115.802,1
124.453,2
132.803,0
112.762,1
113.571,1
113.273,1
113.519,1
166.427,2
170.373,0
117.65,1
149.067,1
163.116,1
159.532,1
152.413,1
116.626,1
115.747,1
115.184,1
115.087,1
116.015,1
115.345,1
114.012,1
114.494,1
115.348,1
114.766,1
114.957,1
114.771,1
115.171,1
115.978,1
116.335,1
116.214,1
116.864,1
117.233,1
117.349,1
117.677,1
118.792,1
119.976,1
118.814,1
HAMILTON
1206,2
113.896,0
113.54,1
113.534,1
113.035,1
113.347,1
113.116,1
113.432,1
113.532,1
113.287,1
113.522,1
113.513,1
120.607,2
134.413,0
114.239,1
113.875,1
112.882,1
112.923,1
113.03,1
112.923,1
112.896,1
113.053,1
113.228,1
113.452,1
113.417,1
120.59,2
135.143,0
111.793,1
111.405,1
112.243,1
133.097,1
188.674,1
165.276,1
160.667,1
167.776,1
158.009,1
158.396,1
111.64,1
110.417,1
111.564,1
111.28,1
111.474,1
111.465,1
111.905,1
111.644,1
112.059,1
111.766,1
112.843,1
112.142,1
113.013,1
112.771,1
121.69,2
132.98,0
113.579,1
113.885,1
113.313,1
113.819,1
113.838,1
114.297,1
114.14,1
BOTTAS
1206.08,2
115.231,0
115.212,1
115.012,1
115.18,1
115.19,1
114.893,1
115.151,1
115.575,1
115.713,1
122.915,2
133.438,0
114.041,1
114.6,1
113.966,1
113.786,1
114.134,1
113.895,1
114.109,1
114.091,1
113.915,1
113.991,1
122.321,2
133.095,0
112.515,1
113.059,1
112.872,1
113.054,1
113.139,1
113.169,1
150.651,1
161.319,1
147.058,1
161.705,1
163.708,1
157.998,1
156.614,1
116.851,1
115.015,1
114.611,1
114.686,1
114.79,1
115.176,1
114.791,1
115.158,1
115.129,1
115.615,1
115.452,1
115.636,1
116.004,1
116.119,1
116.422,1
116.671,1
117.206,1
117.317,1
117.705,1
117.575,1
118.077,1
119.826,1
124.055,1
SUTIL
1206.14,2
117.272,0
116.697,1
116.112,1
116.108,1
116.332,1
117.208,1
126.27,2
134.873,0
113.948,1
116.378,1
119.34,1
116.788,1
115.441,1
115.132,1
115.696,1
115.527,1
115.224,1
115.463,1
116.16,1
116.414,1
116.281,1
116.616,1
125.015,2
136.313,0
114.861,1
115.841,1
117.195,1
115.792,1
130.647,1
168.758,2
142.808,0
121.644,1
120.778,1
160.919,1
158.862,1
150.826,1
116.239,1
115.779,1
122.529,2
