VETTEL
1083.41,2
686.21,0
112.056,1
122.445,1
120.792,1
111.22,1
121.353,1
110.411,1
127.239,2
1176.33,0
118.517,1
110.017,1
120.465,1
109.874,1
121.043,2
845.91,0
113.544,1
114.168,1
114.368,1
122.045,1
114.428,1
115.054,1
114.949,1
114.826,1
115.264,1
115.156,1
RICCIARDO
1085.15,2
635.4301,0
112.416,1
123.682,1
112.118,1
130.241,1
111.506,1
122.949,2
1258.38,0
123.134,1
110.67,1
138.604,2
760.25,0
110.122,1
133.26,1
110.313,1
130.919,2
697.47,0
118.731,1
113.756,1
121.408,2
CHILTON
1082.25,2
860.66,0
118.223,1
117.286,1
116.724,1
116.277,1
115.881,1
137.457,2
2800.24,0
120.918,1
115.17,1
125.568,1
128.327,1
115.245,1
127.885,1
115.761,1
140.934,2
ROSBERG
1086.21,2
126.419,2
379.516,0
113.613,1
111.64,1
124.039,1
111.031,1
125.359,2
665.86,0
109.205,1
127.56,1
109.536,1
121.208,1
121.413,2
875.51,2
172.175,0
114.665,1
114.202,1
114.378,1
114.112,1
114.831,1
115.376,1
116.835,1
125.926,2
RAIKKONEN
1082.55,2
971.77,0
111.269,1
125.176,1
123.868,1
124.476,1
119.358,2
1183.53,0
119.069,1
131.404,1
110.783,1
127.814,1
111.048,1
133.981,2
174.358,2
919.16,0
129.179,2
162.886,0
121.224,2
GROSJEAN
1083.16,2
176.443,2
713.2,0
114.334,1
113.924,1
119.087,1
113.471,1
114.704,1
124.102,2
1152.89,0
122.918,1
112.906,1
118.308,1
113.221,1
130.802,2
178.254,0
116.521,1
116.228,1
113.909,1
134.857,1
129.181,2
825.78,0
114.097,1
115.394,1
114.612,1
132.37,2
ERICSSON
1083.26,2
594.967,0
117.693,1
121.08,1
117.062,1
119.778,1
116.263,1
123.025,1
130.815,2
920.02,0
114.475,1
115.555,1
117.006,1
117.62,1
117.645,1
115.919,1
133.141,2
1035.05,0
121.551,1
120.119,1
118.017,1
118.326,1
120.69,1
120.047,1
118.355,1
142.41,2
KOBAYASHI
1083.56,2
660.5,0
118.511,1
116.511,1
115.867,1
123.088,1
128.906,1
130.593,2
1087.07,0
114.794,1
121.848,1
114.607,1
122.617,1
121.505,1
128.458,2
1160.81,0
117.775,1
116.454,1
123.725,1
124.266,1
140.71,2
PEREZ
1084.31,2
708.07,0
114.417,1
112.916,1
112.582,1
118.959,1
112.32,1
123.054,2
1555.55,0
115.03,1
111.131,1
117.114,1
122.847,2
663.33,0
114.59,1
114.779,1
114.588,1
114.778,1
114.985,1
115.099,1
114.93,1
123.102,2
161.461,2
MALDONADO
1082.54,2
179.705,2
636.54,0
115.867,1
115.378,1
124.352,1
114.386,1
117.027,1
124.684,2
1222.45,0
113.917,1
123.988,1
112.97,1
121.196,1
112.125,1
131.841,2
734.19,0
118.31,1
115.337,1
121.101,1
113.94,1
125.821,1
120.357,1
115.678,1
135.026,2
ALONSO
1083.19,2
952.56,0
121.1,1
111.18,1
127.906,1
110.678,1
130.701,2
1861.96,0
109.056,1
132.415,1
129.218,2
1133.59,2
156.779,0
111.352,1
111.886,1
132.618,2
BIANCHI
1083.11,2
771.14,0
116.797,1
115.352,1
140.189,1
122.924,1
115.563,1
133.854,2
2925.21,0
126.144,1
114.113,1
130.323,1
124.401,1
114.19,1
138.27,2
MASSA
1086.5,2
664.62,0
113.605,1
122.908,1
112.645,1
114.657,1
132.953,2
1801.31,0
122.639,1
111.953,1
127.071,1
118.15,1
112.739,1
134.991,2
695.04,0
115.854,1
113.592,1
114.029,1
126.154,2
163.272,2
MAGNUSSEN
1083.27,2
157.655,2
152.222,2
712.31,0
112.729,1
112.401,1
112.574,1
130.542,2
1273.8,0
111.624,1
120.205,1
111.217,1
125.083,1
111.43,1
126.32,2
822.96,0
115.599,1
115.817,1
116.181,1
116.963,1
116.438,1
117.063,1
117.631,1
135.568,2
GUTIERREZ
1083,2
877.89,2
3045.1,0
113.677,1
112.439,1
128.123,1
112.859,1
125.195,1
112.514,1
132.199,1
119.89,1
112.931,1
123.631,1
112.171,1
142.426,2
BUTTON
1083.13,2
135.728,2
950.14,0
138.191,2
1640.42,0
112.359,1
139.551,2
154.941,0
111.241,1
128.772,1
110.97,1
142.318,1
110.922,1
133.602,2
674.78,0
116.252,1
115.336,1
115.803,1
114.981,1
115.384,1
133.507,2
VERGNE
1083.06,2
867.12,0
126.137,1
115.233,1
136.239,2
2088.96,0
120.109,1
110.953,1
126.786,1
110.539,1
132.704,2
KVYAT
1083.1,2
664.37,0
117.995,1
114.95,1
131.805,1
113.164,1
131.55,1
116.033,1
123.275,2
1494.18,0
110.99,1
138.066,1
111.534,1
126.361,1
124.176,2
616.51,0
115.433,1
114.057,1
114.34,1
115.536,1
116.03,1
117.208,1
116.177,1
117.072,1
115.039,1
139.249,2
HULKENBERG
1083.59,2
716.74,0
113.905,1
112.75,1
120.941,1
115.316,1
112.385,1
126.662,2
1210.38,0
111.604,1
111.878,1
123.611,2
159.547,0
113.184,1
112.835,1
122.895,2
1038.64,0
119.3,1
117.418,1
113.335,1
118.836,1
123.186,2
161.714,2
HAMILTON
1087.4,2
112.748,0
111.934,1
132.751,1
122.445,2
1339.66,0
123.878,1
109.178,1
133.584,1
123.511,1
121.895,2
884.02,2
167.535,0
114.106,1
113.764,1
113.843,1
113.819,1
113.731,1
114.327,1
113.844,1
114.354,1
114.878,1
131.849,2
BOTTAS
1082.31,2
835.4,0
113.76,1
114.747,1
113.658,1
113.568,1
114.708,1
128.559,2
1757.28,0
112.327,1
125.152,1
112.146,1
113.906,1
127.987,2
864.1,0
116.367,1
114.344,1
126.446,2
158.296,2
SUTIL
1085.08,2
746.47,0
117.677,1
113.404,1
122.134,1
113.349,1
139.819,2
1322.76,0
112.398,1
126.836,1
112.237,1
112.547,1
113.374,1
113.296,1
139.592,2
972.38,0
112.835,1
131.638,1
113.316,1
137.87,1
122.951,1
125.889,2
