VETTEL
606.2,2
400.958,2
135.846,2
516.449,0
76.416,1
74.403,1
73.729,1
79.051,2
1191.84,0
74.53,1
76.637,1
83.45801,2
481.502,0
73.72299,1
80.871,1
93.25999,2
1017.33,0
74.985,1
73.954,1
73.077,1
73.089,1
75.335,1
73.24599,1
72.98801,1
81.38701,2
RICCIARDO
605.11,2
809.51,0
77.438,1
77.502,1
74.081,1
73.453,1
73.006,1
78.799,1
72.686,1
76.942,2
1366.4,0
76.228,1
82.953,2
420.68,0
77.84801,1
74.747,1
72.57,1
73.58801,1
80.197,1
82.198,2
688.86,0
73.73399,1
72.788,1
80.199,1
72.62199,1
82.283,1
72.77499,1
78.406,2
CHILTON
602.09,2
866.68,0
78.83,1
76.94,1
78.737,1
77.482,1
75.29299,1
78.23299,1
74.994,1
74.62399,1
74.22299,1
94.019,2
1046.25,0
77.52299,1
74.8,1
75.19499,1
76.415,1
94.564,2
118.7,2
132.727,2
118.974,2
1437.24,0
77.23599,1
73.85701,1
81.105,1
80.703,1
73.91,1
93.872,2
ROSBERG
605.53,2
79.641,0
75.16199,1
74.362,1
73.508,1
94.84901,1
103.829,2
832.83,2
1125.93,0
73.77399,1
71.29499,1
73.44901,1
73.333,1
79.782,2
719.64,0
74.785,1
79.78999,1
85.097,2
652.87,2
RAIKKONEN
603.48,2
89.231,2
1044.12,0
77.78,1
73.27599,1
76.829,1
72.365,1
86.386,2
1237.36,0
83.112,2
718.57,0
73.181,1
104.976,2
920.62,0
74.05701,1
74.385,1
77.405,1
79.13599,1
83.992,1
73.314,1
85.15701,2
GROSJEAN
602.21,2
124.023,2
867.97,0
76.964,1
75.563,1
78.77299,1
79.95801,2
1424.35,0
74.48,1
75.476,1
76.841,1
80.514,2
491.352,0
74.27299,1
77.629,1
73.452,1
78.002,1
74.168,1
83.366,2
791.31,0
79.53,2
93.037,0
74.56599,1
75.54,1
73.254,1
74.012,1
73.168,1
78.289,2
ERICSSON
602.33,2
528.263,0
85.644,1
81.062,1
79.08,1
77.501,1
78.814,1
KOBAYASHI
602.07,2
733.58,0
82.061,1
79.72299,1
78.181,1
77.868,1
77.908,1
76.812,1
76.509,1
98.33,2
1331.71,0
80.336,1
75.251,1
74.84901,1
84.33,2
1731.09,0
79.994,1
78.082,1
74.66,1
74.611,1
77.545,1
75.854,1
74.669,1
84.904,2
PEREZ
603,2
684.44,0
78.575,1
76.757,1
75.658,1
79.411,2
123.434,0
73.935,1
73.51801,1
76.198,1
73.408,1
74.502,1
79.172,2
1485.32,0
74.708,1
72.903,1
72.71999,1
72.552,1
72.441,1
72.29499,1
72.009,1
77.05901,2
826.8,0
74.80801,1
74.616,1
74.371,1
74.461,1
75.2,1
75.28999,1
74.979,1
75.153,1
78.815,2
129.809,2
MALDONADO
606.4301,2
136.51,2
737.72,0
80.109,1
77.177,1
75.573,1
74.831,1
74.158,1
87.368,2
1409.66,2
505.883,0
74.872,1
74.06,1
77.35701,1
74.978,1
76.14,1
86.328,2
646.78,0
74.865,1
103.82,2
89.003,0
76.257,1
74.804,1
74.252,1
74.257,1
73.642,1
88.545,2
ALONSO
602.08,2
87.702,2
1122.91,0
73.737,1
72.554,1
74.687,1
73.45701,1
87.012,2
1958.67,0
73.953,1
71.606,1
78.98901,1
79.53,1
87.575,2
706.54,0
74.535,1
76.401,1
79.209,1
77.344,1
72.239,1
88.112,2
126.466,0
91.7,2
BIANCHI
603.17,2
731.31,0
79.471,1
76.462,1
75.729,1
81.85101,1
75.209,1
81.281,1
74.757,1
82.684,2
1316.56,0
75.26299,1
75.178,1
81.83801,2
89.001,0
74.545,1
74.207,1
74.046,1
86.619,2
1413.32,0
81.78,1
74.038,1
80.73299,1
73.738,1
82.564,1
91.841,2
MASSA
601.54,2
740.38,0
79.892,1
74.873,1
81.38901,1
73.219,1
82.789,1
76.2,1
72.5,1
76.23299,1
86.29399,2
115.953,2
1880.18,0
72.516,1
76.339,1
71.756,1
79.21,1
76.26299,1
72.581,1
85.19199,2
864.61,0
73.303,1
77.104,1
76.505,1
73.368,1
78.173,2
105.007,2
MAGNUSSEN
602.11,2
758.2,0
75.80701,1
75.05801,1
77.608,2
104.973,0
81.923,1
73.22199,1
72.783,1
73.015,1
78.631,2
704.08,0
73.12199,1
72.539,1
72.385,1
72.313,1
72.494,1
82.09,2
870.79,0
75.079,1
74.086,1
73.66199,1
73.42,1
73.268,1
84.661,2
716.29,0
75.702,1
74.79499,1
75.69499,1
75.94801,1
75.478,1
75.208,1
74.92599,1
74.84901,1
74.716,1
83.81801,2
GUTIERREZ
602.53,2
672.14,0
78.503,1
76.536,1
75.632,1
79.85801,1
79.117,1
76.374,1
74.395,1
87.134,1
80.814,2
962.56,0
73.76199,1
73.30901,1
80.33,1
73.19299,1
72.984,1
73.283,1
74.022,1
78.961,2
1785.67,0
74.252,1
73.356,1
75.713,1
73.046,1
85.64,1
73.454,1
73.925,1
83.43,2
BUTTON
603.19,2
175.034,2
784.34,0
79.49,1
75.329,1
73.812,1
79.87,1
72.856,1
72.503,1
83.18999,2
726.83,0
76.216,1
73.461,1
72.72499,1
80.353,1
71.839,1
85.535,2
758.48,0
73.672,1
75.91701,1
72.408,1
72.342,1
81.942,2
684.83,0
75.962,1
75.019,1
75.737,1
75.519,1
75.482,1
75.18,1
75.072,1
78.62299,2
108.121,2
VERGNE
603.44,2
724.2,0
81.23199,1
75.19099,1
74.52599,1
81.279,1
81.646,2
116.055,0
73.284,1
77.712,1
74.08,1
72.436,1
77.967,2
1137.17,0
78.96,1
74.20499,1
73.645,1
77.081,2
1368.5,0
74.673,1
74.097,1
72.369,1
72.462,1
79.099,1
72.364,1
86.73399,1
80.803,1
72.613,1
74.577,1
96.95801,2
KVYAT
603.11,2
794.9,0
78.898,1
76.052,1
76.822,1
74.883,1
73.433,1
78.898,1
73.615,1
72.978,1
72.916,1
78.786,2
862.45,0
74.106,1
73.20399,1
72.78999,1
74.46,1
72.964,1
73.81001,1
73.304,1
75.53,1
78.788,2
1337.1,0
74.30801,1
75.956,1
72.70499,1
79.741,1
80.251,1
72.497,1
72.372,1
73.003,1
73.393,1
73.161,1
74.092,1
106.424,2
HULKENBERG
604.44,2
756.13,0
78.283,1
75.53,1
75.139,1
73.28,1
73.021,1
78.544,1
72.777,1
72.37,1
83.01801,2
1437.9,0
75.992,1
78.874,1
72.966,1
72.409,1
77.574,1
72.313,1
72.072,1
81.782,2
HAMILTON
605.57,2
78.702,0
75.7,1
74.994,1
73.26099,1
76.677,1
73.532,1
75.841,1
72.255,1
82.12,2
113.278,2
1706.76,0
76.951,1
75.145,1
74.993,1
76.973,1
81.158,2
669.76,0
71.435,1
75.82,1
80.788,2
592.1489,0
76.94901,1
78.465,1
73.68,1
74.905,1
73.998,1
73.799,1
74.09,1
73.897,1
73.603,1
82.71999,2
BOTTAS
602.54,2
701.5,0
76.215,1
74.089,1
73.718,1
76.12399,1
74.383,1
73.647,1
72.613,1
81.59299,1
72.67,1
79.179,2
101.091,2
1774.7,0
72.682,1
72.114,1
77.62499,1
72.16499,1
79.759,1
86.585,1
96.685,2
SUTIL
603.45,2
668.72,0
78.70499,1
76.09,1
74.69099,1
79.832,1
78.15,1
78.91701,1
85.362,2
