RICCIARDO
884.45,2
99.866,0
116.109,2
238.325,0
98.311,1
122.462,2
448.964,0
101.953,1
102.382,1
111.979,1
102.862,1
103.121,1
108.908,2
156.53,0
103.014,1
103.482,1
103.385,1
103.507,1
104.381,1
103.353,1
103.589,1
103.841,1
116.054,2
VETTEL
846.31,2
124.731,0
100.848,1
111.495,1
100.384,1
121.341,2
155.704,2
843.3,0
98.339,1
110.795,1
108.154,2
1275.37,2
143.653,2
161.137,2
130.472,0
102.748,1
103.161,1
108.566,1
103.59,1
103.021,1
103.199,1
103.143,1
103.467,1
107.406,1
103.335,1
103.523,1
108.495,1
104.323,1
104.118,1
108.365,2
ROSBERG
847.14,2
99.12599,0
115.69,1
99.833,1
118.628,1
99.454,1
113.778,2
836.86,0
98.399,1
121.848,2
748.9301,2
154.808,0
103.191,1
103.123,1
103.864,1
103.702,1
103.602,1
103.58,1
103.31,1
103.405,1
103.297,1
103.476,1
103.563,1
103.992,1
103.927,1
108.371,2
121.66,0
102.723,1
102.776,1
101.734,1
102.01,1
102.202,1
102.006,1
107.421,1
107.748,2
RAIKKONEN
844.03,2
112.988,0
100.103,1
110.328,1
108.9,2
1049.84,0
97.66199,1
112.353,1
98.367,1
115.611,2
921.3,2
143.248,2
139.055,2
125.124,0
103.094,1
102.822,1
103.45,1
103.289,1
103.217,1
104.349,1
104.008,1
104.018,1
103.734,1
103.391,1
103.567,1
103.841,1
104.521,1
103.787,1
103.873,1
103.605,1
103.971,1
103.734,1
103.782,1
110.359,2
GROSJEAN
844.51,2
104.933,0
101.494,1
101.4,1
108.76,1
100.911,1
117.504,2
864.14,0
102.252,1
102.904,1
116.161,2
639.72,0
99.142,1
109.901,1
110.961,2
725.29,0
103.457,1
103.436,1
109.008,1
103.682,1
107.519,1
104.239,1
104.559,1
105.421,1
105.562,1
105.609,1
105.358,1
105.773,1
106.352,1
116.298,2
129.092,0
114.211,2
ERICSSON
850.16,2
101.869,0
118.677,1
123.789,2
981.98,0
99.751,1
123.156,1
105.086,1
858.24,1
104.276,1
103.758,1
103.906,1
103.768,1
104.02,1
104.153,1
104.563,1
109.981,2
165.082,0
104.15,1
104.299,1
104.482,1
105.794,1
104.631,1
104.536,1
106.052,1
104.611,1
104.282,1
104.412,1
105.785,1
105.336,1
105.596,1
111.71,2
PEREZ
849.54,2
102.828,0
116.953,1
102.307,1
109.197,1
110.895,2
1048.52,2
1190.89,0
118.087,1
100.868,1
115.013,1
109.034,2
552.5941,0
106.451,1
107.749,1
105.928,1
105.937,1
106.127,1
105.799,1
106.83,1
106.402,1
110.148,1
106.301,1
110.833,2
NASR
858.42,2
101.205,0
118.955,1
100.772,1
115.812,2
1157.48,0
99.032,1
117.89,1
99.75999,1
115.181,2
711.9,2
139.777,0
105.086,1
105.021,1
106.793,1
105.381,1
104.497,1
104.713,1
104.716,1
104.996,1
105.381,1
111.149,2
148.114,0
104.066,1
103.28,1
121.654,2
MALDONADO
852.35,2
101.091,0
108.262,1
101.112,1
106.51,1
101.981,1
114.379,2
132.536,2
1169.39,0
99.444,1
117.507,2
785.25,0
105.078,1
105.027,1
104.868,1
106.1,1
105.524,1
105.591,1
105.99,1
105.683,1
105.809,1
105.917,1
105.844,1
106.105,1
106.39,1
106.504,1
106.962,1
107.158,1
109.824,1
125.137,2
ALONSO
848.44,2
106.27,0
100.913,1
113.152,1
100.811,1
115.812,2
1100,0
105.593,1
442.539,1
99.743,1
110.432,2
1093.6,0
105.341,1
105.505,1
106.411,1
104.926,1
105.709,1
105.283,1
105.673,1
105.435,1
105.413,1
110.159,2
126.008,0
103.993,1
105.299,1
116.646,2
MASSA
854.53,2
100.781,0
120.472,1
100.423,1
128.789,2
797.91,0
BUTTON
849.14,2
107.127,0
101.075,1
110.745,1
100.976,1
113.259,1
100.794,1
114.812,2
1563.97,0
99.27499,1
115.633,1
110.788,2
600.76,0
104.792,1
104.728,1
104.974,1
105.204,1
106.577,1
105.91,1
105.979,1
110.751,2
127.257,0
105.33,1
105.22,1
105.695,1
105.166,1
105.675,1
105.065,1
113.922,2
KVYAT
875.12,2
100.337,0
734.86,1
98.737,1
114.731,2
713.47,0
106.747,1
109.049,2
HULKENBERG
846.45,2
102.287,0
102.342,1
113.84,1
102.066,1
112.212,2
583.9841,0
108.336,2
646.96,0
427.75,1
100.151,1
109.931,2
689.77,0
106.326,1
106.603,1
106.295,1
106.255,1
106.2,1
106.393,1
111.272,2
124.647,0
104.121,1
104.454,1
104.188,1
104.38,1
104.529,1
109.795,2
STEVENS
842.32,2
109.573,0
104.564,1
111.366,1
106.198,1
120.519,2
930.31,0
108.799,2
VERSTAPPEN
849.1,2
102.437,0
119.274,1
101.178,1
113.496,1
101.469,1
119.44,2
984.1,0
549.848,1
100.117,1
110.921,1
99.894,1
111.289,2
625.65,0
103.931,1
104.342,1
104.425,1
104.671,1
108.022,1
104.634,1
104.227,1
104.503,1
104.596,1
105.291,1
104.697,1
104.719,1
109.594,2
127.35,0
103.239,1
104.01,1
107.974,2
HAMILTON
852.1,2
110.643,0
99.05801,1
110.978,1
110.325,1
105.007,2
815.53,0
97.219,1
790.19,2
142.381,0
102.328,1
102.481,1
102.259,1
102.404,1
102.459,1
102.421,1
102.841,1
103.084,1
103.39,1
109.099,1
103.646,1
105.985,1
107.145,1
107.355,1
112.438,2
125.738,0
102.984,1
107.329,1
104.244,1
103.005,1
113.737,2
SAINZ
848.51,2
101.5,0
115.868,1
101.068,1
122.856,1
101.182,1
124.462,2
1022.92,0
504.815,1
99.971,1
124.65,2
844.14,2
146.332,0
103.927,1
104.302,1
104.595,1
104.385,1
104.07,1
104.421,1
104.264,1
104.293,1
104.475,1
104.193,1
104.548,1
110.337,2
135.084,2
131.178,2
BOTTAS
858.39,2
100.327,0
118.325,1
100.386,1
109.557,2
133.803,2
1307.74,0
98.85001,1
115.2,2
463.235,2
150.207,0
103.258,1
103.636,1
103.833,1
104.317,1
104.55,1
104.075,1
104.095,1
104.128,1
104.59,1
104.913,1
109.157,2
124.378,0
103.64,1
103.711,1
103.74,1
127.943,2
MERHI
841.59,2
110.865,0
106.584,1
125.001,1
106.562,1
118.464,2
1215.79,0
117.76,1
102.973,1
123.321,1
1523.69,1
107.434,1
107.165,1
108.27,1
107.341,1
115.901,1
116.249,1
108.239,1
108.745,1
108.598,1
108.482,1
108.502,1
109.394,1
116.867,1
109.57,1
114.904,2
