VETTEL
844.39,2
77.744,0
77.713,1
77.3,1
77.333,1
82.315,2
94.353,0
76.83801,1
76.214,1
76.65701,1
76.609,1
76.445,1
76.579,1
76.79199,1
76.96,1
76.789,1
77.39,1
76.683,1
76.443,1
76.19599,1
76.255,1
75.98901,1
76.69099,1
81.68,2
92.452,0
74.94901,1
76.105,1
75.091,1
75.405,1
75.44801,1
75.772,1
75.727,1
75.81701,1
75.506,1
75.633,1
75.95701,1
75.661,1
75.399,1
75.672,1
75.94901,1
75.469,1
75.452,1
75.708,1
75.476,1
75.70499,1
75.399,1
76.27,1
80.935,2
92.461,0
74.781,1
75.07,1
75.159,1
74.908,1
74.88801,1
74.97,1
74.684,1
74.753,1
75.289,1
75.543,1
75.202,1
75.146,1
74.745,1
74.465,1
74.27499,1
74.679,1
74.57,1
74.23,1
74.01801,1
74.798,1
74.14,1
75.1,1
RICCIARDO
844.39,2
77.70399,0
77.539,1
77.533,1
77.531,1
77.051,1
81.861,2
94.23499,0
76.582,1
76.571,1
76.70499,1
77.367,1
77.12,1
76.995,1
77.174,1
76.62299,1
76.31801,1
77.02399,1
76.207,1
76.24599,1
76.113,1
76.119,1
75.98901,1
77.903,1
75.658,1
76.154,1
81.15,2
92.87801,0
75.51,1
75.38701,1
75.491,1
75.521,1
75.701,1
75.569,1
75.655,1
76.25999,1
75.674,1
75.923,1
108.299,2
ROSBERG
844.34,2
76.412,0
75.638,1
75.728,1
75.79399,1
75.856,1
81.27499,2
94.08701,0
76.654,1
75.3,1
75.896,1
76.077,1
76.433,1
76.12499,1
76.372,1
76.013,1
75.956,1
75.827,1
75.203,1
75.301,1
75.344,1
75.486,1
75.238,1
75.59,1
75.368,1
80.615,2
92.326,0
75.673,1
75.441,1
75.631,1
75.504,1
75.28,1
75.213,1
75.306,1
75.322,1
75.463,1
75.414,1
75.554,1
74.998,1
75.208,1
74.893,1
75.169,1
74.73,1
75.09499,1
74.994,1
74.832,1
75.049,1
74.412,1
74.929,1
79.93,2
92.779,0
74.69399,1
73.961,1
74.346,1
73.937,1
74.187,1
74.284,1
74.029,1
74.214,1
74.003,1
73.73599,1
73.619,1
73.669,1
74.011,1
73.781,1
73.91,1
73.824,1
73.788,1
73.868,1
73.768,1
73.92,1
RAIKKONEN
844.4,2
78.036,0
77.744,1
77.40701,1
77.304,1
77.653,1
77.298,1
82.653,2
95.322,0
76.79099,1
76.498,1
76.376,1
76.52599,1
76.415,1
76.605,1
76.546,1
76.484,1
76.786,1
76.182,1
76.284,1
76.462,1
76.33,1
76.101,1
76.415,1
76.111,1
76.22599,1
76.001,1
75.954,1
76.24,1
76.081,1
76.213,1
76.228,1
76.29499,1
76.631,1
81.955,2
97.965,0
74.963,1
75.62099,1
75.856,1
75.658,1
75.983,1
76.476,1
75.77,1
75.342,1
75.49599,1
75.614,1
75.699,1
75.634,1
75.69499,1
75.492,1
75.768,1
75.48701,1
75.62099,1
75.469,1
75.218,1
75.137,1
75.708,1
75.469,1
75.55701,1
75.44801,1
76.96,1
75.247,1
75.45901,1
75.208,1
75.331,1
75.609,1
75.841,1
76.56599,1
75.892,1
75.841,1
75.454,1
GROSJEAN
844.42,2
78.698,0
77.671,1
78.146,1
77.31801,1
77.992,1
78.068,1
77.414,1
77.529,1
78.255,1
76.991,1
77.075,1
77.95801,1
77.344,1
77.853,1
77.867,1
77.21999,1
77.211,1
77.22099,1
77.03,1
77.486,1
77.607,1
77.782,1
84.34,2
97.631,0
76.495,1
76.603,1
76.36,1
77.013,1
76.147,1
76.334,1
76.201,1
76.333,1
75.942,1
76.102,1
76.425,1
77.04,1
76.405,1
76.397,1
81.056,2
93.78999,0
75.231,1
75.484,1
75.371,1
75.552,1
75.825,1
76.345,1
77.392,1
76.686,1
75.69499,1
75.412,1
75.933,1
75.505,1
75.22599,1
75.313,1
75.146,1
75.48,1
75.767,1
81.613,2
92.729,0
74.117,1
74.175,1
74.07,1
PEREZ
844.4301,2
78.729,0
77.80801,1
78.007,1
82.503,2
95.015,0
77.115,1
77.045,1
77.02599,1
77.254,1
77,1
76.995,1
76.936,1
76.922,1
76.673,1
76.81801,1
77.38801,1
77,1
76.836,1
76.326,1
76.778,1
76.561,1
76.88,1
77.183,1
82.021,2
94.24599,0
75.617,1
76.09299,1
76.05801,1
76.277,1
76.683,1
76.569,1
76.372,1
76.189,1
76.335,1
76.492,1
76.38901,1
76.356,1
76.701,1
76.257,1
76.129,1
76.027,1
76.198,1
76.015,1
76.001,1
75.87801,1
82.869,2
100.762,0
75.576,1
77.999,1
76.355,1
76.08801,1
75.896,1
75.73,1
75.27399,1
75.26099,1
75.497,1
75.027,1
75.62199,1
75.279,1
75.172,1
75.202,1
74.76299,1
74.874,1
75.62299,1
74.839,1
74.77299,1
74.675,1
74.754,1
74.55,1
MALDONADO
844.44,2
80.112,0
77.016,1
82.582,2
94.436,0
77.686,1
76.929,1
77.35801,1
77.004,1
77.994,1
76.965,1
76.908,1
77.128,1
77.239,1
77.412,1
77.327,1
76.811,1
76.924,1
77.142,1
76.839,1
76.971,1
77.843,1
76.771,1
77.237,1
77.178,1
77.284,1
81.99599,2
93.405,0
75.574,1
75.902,1
77.016,1
75.91,1
75.749,1
75.728,1
75.929,1
76.08801,1
75.913,1
76.12099,1
75.908,1
76.614,1
76.538,1
75.768,1
75.895,1
75.74599,1
80.527,2
93.001,0
74.81001,1
76.004,1
76.189,1
75.434,1
75.394,1
75.328,1
75.482,1
75.08,1
75.607,1
74.965,1
75.712,1
74.88901,1
77.089,1
74.967,1
75.415,1
75.209,1
76.008,1
75.02599,1
75.077,1
74.92599,1
74.95701,1
74.84801,1
74.909,1
76.285,1
ALONSO
844.38,2
77.901,0
77.462,1
77.355,1
77.244,1
77.092,1
82.199,2
94.31001,0
76.29099,1
76.633,1
76.421,1
76.554,1
76.572,1
76.48,1
76.63,1
77.149,1
76.88701,1
76.498,1
76.15701,1
76.415,1
76.611,1
76.074,1
77.201,1
76.62,1
75.968,1
76.051,1
75.95901,1
81.131,2
93.21999,0
75.686,1
75.64,1
76.02399,1
75.757,1
75.405,1
75.516,1
75.701,1
75.729,1
76.115,1
76.63499,1
75.785,1
75.779,1
75.491,1
75.73399,1
76.071,1
76.254,1
75.089,1
75.633,1
75.219,1
75.29399,1
75.607,1
75.321,1
81.597,2
92.73299,0
74.66399,1
74.313,1
74.32,1
74.32,1
74.62199,1
74.425,1
74.577,1
74.952,1
74.798,1
74.34701,1
75.109,1
75.241,1
75.845,1
75.375,1
75.131,1
76.08801,1
75.94801,1
74.772,1
MASSA
844.35,2
76.867,0
76.29599,1
76.188,1
81.383,2
93.76099,0
75.99,1
76.156,1
76.67,1
76.313,1
76.144,1
76.528,1
76.398,1
76.24599,1
76.156,1
76.951,1
76.11,1
76.22399,1
76.036,1
76.029,1
76.107,1
76.463,1
76.69199,1
76.854,1
82.366,2
99.62,0
74.937,1
74.902,1
75.02599,1
75.056,1
75.30701,1
75.209,1
75.396,1
75.43,1
75.138,1
75.56499,1
75.107,1
75.37701,1
75.119,1
75.086,1
75.011,1
74.89,1
74.982,1
75.021,1
75.425,1
75.24,1
75.903,1
75.834,1
76.504,1
82.074,2
95.534,0
74.56599,1
74.797,1
74.365,1
74.22499,1
74.19499,1
74.574,1
74.48701,1
74.101,1
74.8,1
74.41,1
74.374,1
74.631,1
74.573,1
75.153,1
74.778,1
74.42,1
74.335,1
74.843,1
74.655,1
75.719,1
MAGNUSSEN
844.38,2
77.545,0
77.252,1
77.029,1
77.258,1
76.95,1
81.67599,2
94.184,0
76.108,1
76.161,1
76.17,1
76.546,1
76.40701,1
76.745,1
76.643,1
76.74,1
76.95,1
76.719,1
76.547,1
77.035,1
76.93,1
77.112,1
76.27399,1
76.52599,1
76.404,1
81.415,2
93.797,0
74.946,1
75.453,1
75.627,1
75.80801,1
75.986,1
75.963,1
75.753,1
75.749,1
76.09399,1
75.95801,1
76.137,1
75.519,1
75.674,1
76.429,1
76.186,1
75.903,1
76.29299,1
77.92599,1
76.923,1
82.56499,2
94.007,0
75.474,1
75.361,1
75.405,1
75.564,1
75.218,1
75.22099,1
75.332,1
74.79199,1
75.05,1
74.94701,1
75.139,1
75.272,1
74.92,1
74.544,1
74.84801,1
74.76599,1
75.054,1
74.897,1
76.184,1
74.943,1
74.748,1
75.24599,1
75.562,1
GUTIERREZ
844.4,2
78.03,0
77.572,1
77.431,1
77.19099,1
77.56499,1
77.31001,1
82.70399,2
95.72099,0
78.18999,1
76.749,1
76.686,1
76.998,1
76.80701,1
76.822,1
76.743,1
77.268,1
76.55701,1
76.339,1
76.479,1
76.65701,1
76.21,1
76.543,1
76.59499,1
76.38901,1
76.731,1
81.971,2
96.25999,0
76.34901,1
76.423,1
76.434,1
76.29499,1
76.609,1
75.88801,1
76.041,1
76.39,1
76.365,1
76.29099,1
76.356,1
75.79499,1
76.286,1
76.08801,1
75.951,1
75.88701,1
76.175,1
76.256,1
76.178,1
81.83801,2
94.297,0
75.284,1
75.179,1
75.607,1
76.056,1
76.436,1
76.823,1
78.256,1
75.495,1
75.499,1
76.353,1
74.925,1
75.441,1
75.214,1
75.109,1
74.875,1
75.305,1
75.29199,1
75.17599,1
75.602,1
75.21,1
75.57,1
BUTTON
844.37,2
77.2,0
76.384,1
76.55701,1
76.778,1
81.13599,2
94.331,0
75.973,1
76.13499,1
76.651,1
76.992,1
76.414,1
76.197,1
76.415,1
76.75,1
76.185,1
76.31901,1
76.532,1
76.169,1
75.87701,1
76.238,1
76.45901,1
76.35701,1
76.69199,1
77.009,1
77.429,1
82.415,2
93.199,0
75.405,1
75.884,1
75.42,1
75.731,1
75.686,1
75.47701,1
75.742,1
75.781,1
75.435,1
75.56499,1
75.541,1
75.462,1
75.36,1
75.26499,1
75.453,1
75.29499,1
75.72399,1
75.53,1
75.752,1
76.211,1
76.77399,1
81.63599,2
92.31701,0
74.985,1
74.84,1
74.667,1
74.904,1
75.072,1
75.72199,1
75.493,1
75.829,1
74.95801,1
75.203,1
74.198,1
74.32,1
74.105,1
74.411,1
74.35701,1
74.242,1
73.999,1
74.18,1
74.516,1
74.709,1
VERGNE
844.44,2
79.181,0
77.403,1
77.914,1
77.297,1
76.979,1
77.02,1
77.05701,1
81.871,2
95.533,0
76.886,1
76.905,1
76.908,1
77.26099,1
76.844,1
76.70399,1
77.034,1
77,1
77.23,1
76.898,1
76.51,1
76.718,1
76.189,1
76.836,1
77.006,1
76.128,1
81.22099,2
95.514,0
75.495,1
75.616,1
75.904,1
76.85001,1
76.189,1
76.607,1
76.41,1
76.257,1
76.133,1
76.26599,1
76.874,1
76.77499,1
75.737,1
75.906,1
76.111,1
76.77599,1
75.894,1
80.864,2
94.198,0
75.21,1
75.998,1
75.27399,1
75.36,1
76.007,1
75.568,1
75.20399,1
75.552,1
74.875,1
75.147,1
77.034,1
75.228,1
75.303,1
75.129,1
74.994,1
76.083,1
75.019,1
74.77399,1
75.269,1
74.872,1
74.868,1
75.598,1
75.91901,1
KVYAT
844.42,2
78.45,0
77.567,1
77.806,1
77.399,1
77.584,1
77.332,1
77.34801,1
77.211,1
76.896,1
77.08701,1
77.882,1
77.86,1
77.038,1
77.01801,1
77.169,1
77.96,1
82.013,2
96.62599,0
76.071,1
76.84801,1
76.584,1
75.964,1
76.502,1
76.207,1
75.709,1
76.045,1
75.903,1
76.543,1
76.428,1
76.703,1
76.19299,1
76.118,1
76.08701,1
76.01701,1
76.486,1
77.151,1
81.323,2
96.188,0
75.646,1
75.535,1
75.339,1
75.913,1
75.56599,1
75.826,1
75.73499,1
75.62299,1
75.581,1
75.69399,1
75.478,1
75.21999,1
75.47701,1
75.38901,1
75.87701,1
75.355,1
75.382,1
75.21999,1
75.75999,1
80.654,2
93.96,0
74.22299,1
74.144,1
74.661,1
74.423,1
75.053,1
74.97701,1
74.542,1
74.44,1
74.898,1
75.149,1
HULKENBERG
844.41,2
78.581,0
77.782,1
77.755,1
77.247,1
77.333,1
77.571,1
77.438,1
76.946,1
76.711,1
76.83,1
76.912,1
77.02,1
77.59599,1
77.172,1
82.282,2
94.768,0
76.329,1
75.95,1
76.685,1
77.031,1
76.54,1
76.57,1
76.544,1
76.35001,1
76.415,1
75.956,1
75.832,1
76.08801,1
75.95901,1
75.66399,1
75.753,1
75.86,1
75.416,1
75.62299,1
80.55,2
93.772,0
75.574,1
75.66,1
75.866,1
75.95801,1
76.436,1
75.414,1
75.29499,1
75.147,1
75.539,1
75.37701,1
75.23299,1
75.567,1
75.325,1
75.41,1
75.405,1
75.52599,1
75.871,1
75.145,1
75.41801,1
74.782,1
75.147,1
74.942,1
79.555,2
92.341,0
73.99,1
74.12599,1
74.26399,1
75.085,1
74.743,1
74.634,1
74.12099,1
73.79499,1
73.728,1
74.05801,1
HAMILTON
844.34,2
76.841,0
75.61,1
75.699,1
75.715,1
75.972,1
76.113,1
80.715,2
94.252,0
75.598,1
76.364,1
76.8,1
76.402,1
76.435,1
76.659,1
75.96,1
76.09,1
75.631,1
75.366,1
75.21,1
75.12,1
75.22499,1
75.172,1
75.02399,1
75.267,1
75.139,1
74.303,1
86.598,2
94.376,0
74.895,1
74.651,1
75.29399,1
75.037,1
75.112,1
74.986,1
75.40701,1
75.02,1
74.986,1
74.788,1
74.715,1
74.606,1
74.94901,1
74.85101,1
74.78999,1
74.822,1
74.539,1
74.679,1
74.652,1
74.797,1
74.893,1
79.678,2
91.345,0
74.159,1
74.24,1
74.05701,1
74.02399,1
74.282,1
73.992,1
74.181,1
74.201,1
73.737,1
73.555,1
73.95,1
73.84,1
73.59499,1
73.946,1
73.992,1
73.649,1
74.049,1
73.73399,1
74.576,1
BOTTAS
844.36,2
76.956,0
76.346,1
76.508,1
76.869,1
81.52,2
94.611,0
75.45701,1
76.048,1
76.76399,1
76.187,1
76.16399,1
76.514,1
76.875,1
76.26299,1
76.198,1
76.85001,1
76.785,1
75.86,1
76.029,1
76.35001,1
76.253,1
76.502,1
76.581,1
76.494,1
81.711,2
105.961,0
75.574,1
76.173,1
75.72499,1
76.254,1
76.158,1
75.906,1
76.325,1
75.79099,1
76.672,1
76.06499,1
76.115,1
78.503,1
76.14,1
76.23,1
84.35701,2
97.011,0
75.788,1
75.609,1
77.28,1
76.055,1
76.06499,1
76.433,1
76.409,1
76.27599,1
76.137,1
75.993,1
75.601,1
75.405,1
75.443,1
75.26299,1
74.99599,1
77.068,1
74.985,1
74.471,1
74.256,1
74.661,1
74.229,1
75.055,1
75.078,1
74.45,1
74.405,1
74.529,1
75.453,1
SUTIL
844.46,2
78.73199,0
78.091,1
78.08701,1
77.85901,1
77.59599,1
77.583,1
77.702,1
78.302,1
77.411,1
77.564,1
78.334,1
77.398,1
78.575,1
77.748,1
77.334,1
78.361,1
83.55801,2
101.562,0
76.31801,1
76.69099,1
76.305,1
76.334,1
76.531,1
76.629,1
76.231,1
76.19599,1
76.188,1
75.97701,1
76.171,1
76.355,1
76.35701,1
76.385,1
76.3,1
76.029,1
76.44,1
76.602,1
76.552,1
81.854,2
96.06599,0
77.215,1
74.834,1
74.846,1
75.893,1
75.238,1
75.62199,1
75.339,1
76.158,1
81.393,2
95.916,0
75.46,1
75.436,1
74.982,1
75.26199,1
75.342,1
75.21999,1
75.322,1
75.529,1
75.506,1
75.182,1
75.046,1
75.156,1
75.069,1
75.727,1
75.98,1
74.984,1
75.462,1
75.046,1
75.41701,1
75.092,1
