RICCIARDO
860.17,2
86.02299,0
104.274,1
86.27599,1
101.655,2
833.38,0
84.451,1
103.664,1
84.943,1
99.51801,2
865.85,0
88.298,1
88.218,1
88.241,1
88.288,1
VETTEL
846.19,2
88.549,0
94.88,1
87.87701,1
99.053,1
87.4,1
97.896,2
1205.2,0
89.02,1
100.813,1
105.693,1
103.891,1
85.66,1
99.561,2
139.251,2
1677.86,2
123.063,2
134.04,0
109.732,1
89.668,1
90.152,1
89.412,1
90.73499,1
90.22599,1
89.52299,1
99.61,2
ROSBERG
846.24,2
94.98801,0
96.952,1
113.139,1
91.42,1
117.771,1
86.572,1
102.634,1
86.168,1
96.304,2
744.61,0
100.421,1
84.668,1
117.315,1
93.568,2
1123.62,2
144.1,0
89.69299,1
88.303,1
88.65701,1
88.62099,1
503.048,1
92.306,1
88.85201,1
90.436,1
94.816,2
114.303,0
90,1
92.145,1
88.82,1
88.643,1
89.037,1
114.617,2
RAIKKONEN
846.08,2
96.571,0
88.09599,1
95.591,1
87.512,1
100.341,2
871.9,0
85.134,1
102.946,1
85.328,1
102.664,2
154.272,2
971.24,2
130.944,2
139.776,0
90.19099,1
89.939,1
90.055,1
94.33801,2
773.36,2
135.194,0
88.687,1
88.885,1
89.854,1
88.839,1
91.199,1
89.497,1
89.184,1
89.107,1
93.218,2
GROSJEAN
847.05,2
89.19299,0
96.482,1
89.39,1
88.801,1
99.61,1
88.81901,1
98.084,1
88.272,1
101.283,2
727.82,0
86.715,1
94.528,1
86.442,1
97.898,1
93.342,2
779.4301,0
89.34,1
89.83701,1
89.35201,1
105.221,1
90.703,1
90.365,1
91.33701,1
90.486,1
90.798,1
485.055,1
91.79299,1
95.038,2
116.662,0
90.738,1
91.003,1
90.629,1
90.628,1
95.19399,1
92.68,1
90.29399,1
99.041,2
ERICSSON
847.55,2
110.561,0
90.77599,1
107.778,1
89.16599,1
101.862,1
89.27,1
101.412,2
669.44,0
86.831,1
108.015,1
87.189,1
100.26,2
951.59,0
92.13599,1
92.369,1
92.33801,1
92.016,1
94.228,1
91.728,1
94.83,1
92.243,1
91.575,1
91.862,1
480.832,2
137.079,0
103.499,1
95.189,2
PEREZ
NASR
849.52,2
89.215,0
107.107,1
89.15,1
104.667,1
89.05901,1
101.092,2
716.63,0
86.532,1
101.279,1
86.37901,1
102.323,1
87.15701,1
97.02599,2
767.63,2
128.509,0
90.054,1
90.336,1
90.20599,1
90.541,1
90.56499,1
90.729,1
90.155,1
90.16499,1
543.772,1
90.883,1
90.714,1
91.13599,1
91.239,1
91.078,1
92.254,1
91.211,1
90.856,1
90.59499,1
108.183,2
MALDONADO
846.31,2
88.748,0
108.745,1
91.48,1
98.305,1
89.373,1
100.173,1
88.615,1
98.914,2
879.22,0
86.09,1
103.163,1
86.697,1
99.906,1
88.597,1
100.046,2
864.37,0
92.172,1
90.94,1
90.62499,1
90.742,1
90.951,1
91.35801,1
91.537,1
474.344,1
91.34801,1
91.768,1
91.464,1
91.20599,1
91.159,1
91.174,1
91.903,1
91.798,1
91.81901,1
105.996,2
ALONSO
848.32,2
90.02599,0
94.08701,1
88.99,1
100.302,2
146.821,0
88.05901,1
100.646,1
88.898,1
101.959,2
1020.34,0
85.752,1
101.719,1
86.145,1
103.38,2
971.18,0
90.829,1
90.154,1
90.81701,1
556.959,1
90.481,1
91.561,1
90.51801,1
90.316,1
90.286,1
90.111,1
90.23499,1
89.999,1
89.96,1
99.538,2
MASSA
853.14,2
88.22499,0
108.174,1
87.964,1
104.143,1
93.522,2
922.07,0
85.92,1
114.651,1
90.322,2
809.74,2
132.363,0
89.571,1
89.12199,1
89.354,1
93.361,1
89.37801,1
89.344,1
90,1
544.176,1
89.91,1
89.47701,1
89.569,1
90.04,1
89.72399,1
89.834,1
89.832,1
89.833,1
89.616,1
105.357,2
BUTTON
842.36,2
96.01801,2
853.05,0
88.103,1
100.365,1
87.66,1
103.187,1
100.611,2
648.46,0
86.168,1
102.58,1
85.994,1
105.751,2
948.15,0
91.22299,1
90.684,1
90.37801,1
90.369,1
90.382,1
90.353,1
518.21,1
91.47,1
92.016,1
91.634,1
90.784,1
90.964,1
91.051,1
90.801,1
90.31901,1
90.19499,1
98.814,2
KVYAT
853.42,2
86.33,0
102.319,1
86.411,1
102.864,1
97.549,1
93.58,2
861.4901,0
84.3,1
102.352,1
97.183,2
1045.37,0
88.85901,1
88.909,1
88.789,1
88.354,1
88.336,1
590.2371,1
94.931,1
89.702,1
89.237,1
89.137,1
89.547,1
88.63599,1
88.578,1
89.217,1
89.612,1
100.266,2
HULKENBERG
STEVENS
842.18,2
98.685,0
91.312,1
102.9,1
91.376,1
103.265,2
1582.47,0
89.115,1
103.856,1
89.144,1
103.789,2
1177.9,0
94.456,1
94.71,1
94.99,1
492.691,1
94.66299,1
92.921,1
92.37901,1
92.471,1
92.79199,1
92.985,1
95.799,1
93.006,1
92.511,1
92.745,1
104.04,2
VERSTAPPEN
847.01,2
88.202,0
109.074,1
96.09299,1
100.447,1
87.874,1
101.231,1
110.083,2
2966.48,0
508.906,1
86.312,1
102.013,1
85.935,1
95.039,2
124.332,2
110.886,0
87.551,1
93.465,2
HAMILTON
847.5,2
110.403,0
93.745,1
86.132,1
105.579,1
99.18999,1
97.719,1
105.053,1
85.613,1
92.248,2
750.46,0
96.03,1
83.94901,1
118.076,1
84.099,1
109.863,2
822.9,2
132.871,0
89.189,1
90.52499,1
88.739,1
88.56,1
90.01801,1
89.31001,1
539.436,1
90.115,1
95.799,1
88.757,1
88.6,1
91.76499,2
112.024,0
88.498,1
88.69499,1
89.086,1
110.655,2
SAINZ
846.45,2
87.884,0
112.501,1
104.995,1
88.31001,1
107.935,1
87.714,1
108.649,2
915.91,0
85.599,1
114.902,1
85.85701,1
117.978,2
685.3,2
131.345,0
89.19199,1
89.277,1
88.983,1
89.174,1
89.302,1
89.336,1
91.326,1
89.287,1
89.198,1
505.948,1
91.397,1
89.58801,1
89.06599,1
90.091,1
89.745,1
89.88701,1
89.67599,1
90.02499,1
90.315,1
90.331,1
109.949,2
BOTTAS
853.46,2
95.797,0
88.584,1
105.147,1
87.55901,1
96.289,2
114.97,2
841.6,0
85.881,1
100.64,1
86.034,1
96.216,2
624.61,2
115.555,0
89.452,1
93.542,1
89.22099,1
89.311,1
90.84801,1
89.483,1
89.503,1
89.63499,1
453.565,1
89.76199,1
90.334,1
90.654,1
93.854,1
90.84,1
94.58,2
111.85,0
92.842,1
89.394,1
89.652,1
108.629,2
MERHI
842.32,2
92.78999,0
106.66,1
98.242,1
92.35101,1
104.32,2
1117.74,0
91.42599,1
103.797,1
90.864,1
101.525,2
553.715,0
89.354,1
105.314,1
101.551,1
89.113,1
102.565,2
869.29,0
492.156,1
93.209,1
93.119,1
92.898,1
93.098,1
93.369,1
94.016,1
93.169,1
93.461,1
96.368,2
