VETTEL
604.1,2
804.68,0
90.21,1
108.013,1
89.428,1
89.47701,1
98.324,1
88.799,1
104.021,2
1161.23,0
98.329,1
87.45701,1
87.613,1
98.425,1
87.21999,1
97.16499,2
1142.77,0
90.51701,1
93.631,1
90.22099,1
90.313,1
90.13499,1
90.184,1
90.63,1
89.995,1
90.12099,1
90.056,1
101.503,2
RICCIARDO
604.4301,2
814.97,0
88.534,1
104.186,1
88.011,1
100.326,1
88.156,1
87.913,1
98.399,2
1355.45,0
94.787,1
87.782,1
103.897,1
90.69299,2
1992.58,0
90.689,2
CHILTON
603.14,2
687.06,2
132.296,0
91.004,1
104.906,2
ROSBERG
607.16,2
92.027,0
88.754,1
90.142,1
96.485,1
87.32,1
88.082,1
95.075,2
830.48,0
90.383,1
86.114,1
92.491,1
96.83801,1
85.997,1
86.197,1
97.277,2
1322.28,0
89.91,1
89.22599,1
90.415,1
89.586,1
91.751,1
88.747,1
88.95,1
88.70599,1
94.874,1
89.576,1
105.898,2
122.301,0
92.59,1
94.36,2
RAIKKONEN
603.23,2
105.509,2
811.56,0
95.513,1
89.004,1
101.983,1
88.26299,1
95.598,1
87.463,1
96.66299,2
936.96,0
94.606,1
86.421,1
98.218,1
87.345,1
95.495,1
87.091,1
97.632,2
141.742,2
1164.72,0
87.395,1
97.27499,1
95.892,1
98.26599,1
87.506,1
99.154,2
134.49,0
87.117,1
98.372,2
GROSJEAN
602.56,2
139.479,2
1128.48,0
90.42599,1
92.991,1
96.364,2
998.38,0
91.441,1
89.745,1
91.245,1
91.078,1
90.006,1
98.199,2
836.2,0
92.90701,1
90.053,1
88.59299,1
96.29099,2
638.13,0
91.392,1
92.714,1
93.202,1
89.712,1
100.111,2
ERICSSON
603.11,2
1104.55,0
93.299,1
93.11,1
93.698,1
106.925,2
1059.56,0
117.879,1
95.02499,1
91.567,1
97.604,1
95.173,1
91.478,1
97.07,1
108.004,2
1086.54,0
91.779,1
96.31901,1
91.468,1
92.985,1
90.892,1
91.992,1
103.894,1
105.334,2
KOBAYASHI
602.42,2
801.37,0
93.913,1
111.205,1
99.835,1
92.504,1
91.98,1
99.73399,1
92.438,1
116.016,2
819.12,0
96.951,1
95.498,1
97.563,1
91.893,1
91.199,1
91.628,1
91.937,1
111.466,2
1248.27,0
90.91801,1
91.315,1
106.77,1
90.871,1
90.66399,1
114.773,1
94.79199,1
96.611,1
90.363,1
103.662,2
PEREZ
601.51,2
899.91,0
94.021,1
89.618,1
91.73,1
89.23499,1
90.53,1
89.304,1
97.789,2
1755.78,0
88.49,1
88.503,1
98.009,1
88.711,1
96.569,1
88.669,1
93.599,2
909.27,0
88.633,1
96.198,1
88.639,1
98.452,1
88.376,1
99.728,2
MALDONADO
603.23,2
150.258,2
676.3,0
90.576,1
97.46,1
92.375,1
88.956,1
93.802,1
89.139,1
103.025,2
1123.14,0
89.756,1
99.30901,1
89.467,1
94.963,1
90.41,1
100.513,2
1179.59,0
90.069,1
99.37,1
88.76599,1
94.582,1
88.482,1
93.72199,1
88.26599,1
95.376,1
88.548,1
95.62599,2
ALONSO
602.56,2
101.418,2
801.9,0
94.619,1
88.874,1
107.542,1
88.12199,1
106.02,1
88.013,1
99.67,2
1558.65,0
86.872,1
104.874,1
99.158,1
87.826,1
111.964,2
144.269,0
91.189,2
967.92,0
87.312,1
98.971,1
105.246,2
127.251,2
BIANCHI
602.32,2
820.28,0
96.075,1
92.884,1
110.586,2
1879.61,0
96.554,1
92.31001,1
99.536,1
92.845,1
92.014,1
91.248,1
103.241,2
1087.09,0
92.88,1
91.55701,1
103.245,1
103.572,1
91.7,1
96.454,2
MASSA
606,2
686.13,0
90.94,1
94.76099,1
89.549,1
89.102,1
90.081,1
95.73199,2
117.214,2
2033.92,0
88.30701,1
96.672,1
87.96,1
95.894,1
88.05,1
98.208,2
586.162,0
89.08701,1
98.543,2
135.967,0
88.63499,1
95.527,1
89.202,1
98.821,2
MAGNUSSEN
602.45,2
108.246,2
853.83,0
107.287,1
99.471,1
89.8,1
91.62499,1
88.801,1
102.743,2
1411.16,0
87.84701,1
92.492,1
87.35701,1
90.118,1
87.556,1
94.844,1
96.71999,1
87.589,1
98.11,2
830.27,0
91.675,1
91.472,1
90.999,1
91.055,1
91.27,1
91.66499,1
90.985,1
98.197,2
GUTIERREZ
602.46,2
885.4301,0
94.73599,1
98.043,1
90.6,1
95.478,1
89.549,1
89.576,1
98.915,2
1914.07,0
99.25,1
88.581,1
101.031,1
88.14,1
104.09,1
87.967,1
102.388,2
580.257,0
88.056,1
95.592,1
88.59,1
99.078,1
94.241,1
88.554,1
93.202,2
BUTTON
602.46,2
100.136,2
850.7,0
91.481,1
89.982,1
97.063,1
88.258,1
97.648,1
87.904,1
96.584,2
1509.91,0
98.954,1
87.966,1
95.368,1
91.605,1
88.23,1
87.804,1
101.559,2
820.98,0
91.147,1
90.541,1
90.671,1
91.719,1
91.413,1
91.66199,1
90.821,1
98.05701,2
VERGNE
602.1,2
944.89,0
90.675,1
93.328,1
89.758,1
108.636,1
88.68999,1
93.52399,1
95.651,2
1161.19,0
88.172,1
99.254,1
103.203,1
94.748,1
88.185,1
87.683,1
95.464,1
87.785,1
92.42,2
709.25,0
91.199,1
91.111,1
90.892,1
90.69499,1
90.572,1
90.829,1
90.916,1
90.715,1
96.642,2
129.92,2
KVYAT
602.38,2
934.15,0
93.085,1
90.413,1
107.252,1
90.03,1
100.803,1
89.394,1
93.658,2
1196.79,0
91.219,1
88.87,1
109.911,1
88.535,1
99.985,1
88.208,1
99.23399,1
88.243,1
99.062,2
591.559,2
125.349,0
91.77299,1
91.714,1
91.394,1
91.41701,1
91.327,1
91.504,1
91.429,1
91.896,1
92.249,1
91.727,1
104.534,2
HULKENBERG
602.15,2
861.77,0
91.44901,1
90.354,1
95.06,1
89.75999,1
106.172,1
89.366,1
89.113,1
98.019,2
1082.44,0
88.749,1
88.333,1
96.885,1
89.12199,1
97.72599,1
88.552,1
101.68,2
1191.02,0
88.812,1
97.212,1
88.953,1
92.79199,2
135.771,0
88.62099,1
92.549,1
88.101,1
98.913,2
HAMILTON
608.11,2
91.42599,0
89.703,1
88.03,1
87.604,1
99.961,1
92.653,1
91.94701,1
106.32,2
149.34,2
1282.22,0
86.239,1
97.945,1
85.814,1
94.659,1
92.212,2
1072.03,0
90.037,1
89.428,1
89.584,1
89.2,1
89.532,1
91.843,1
88.821,1
88.965,1
89.23599,1
94.91801,2
BOTTAS
602.05,2
958.4301,0
93.05801,1
89.512,1
93.01701,1
89.256,1
89.089,1
96.288,2
115.816,2
1666.42,0
89.356,1
101.778,1
88.6,1
88.33,1
95.834,2
973.87,0
88.79299,1
94.605,1
88.779,1
97.375,2
155.374,2
SUTIL
604.05,2
991.78,0
92.76299,1
91.749,1
97.02,1
90.068,1
90.20399,1
95.24,2
1767.67,0
89.37801,1
92.966,1
89.44901,1
89.23499,1
107.22,1
90.73299,1
89.02499,1
102.661,2
706.62,0
89.92,1
107.281,1
119.45,1
95.213,1
110.941,2
