VETTEL
852.56,2
87.74,0
100.117,1
86.94901,1
94.561,1
93.175,1
92.688,2
845.68,0
85.111,1
101.452,1
102.076,2
1145.22,0
89.117,1
88.716,1
88.805,1
89.269,1
90.367,1
88.975,1
89.015,1
89.09299,1
90.29199,1
89.298,1
89.141,1
89.051,1
89.571,1
89.38801,1
89.654,1
89.306,1
89.506,1
92.969,2
141.53,0
89.004,1
91.52,2
RICCIARDO
857.18,2
87.841,0
107.245,1
99.69499,2
800.29,0
85.983,1
108.938,1
86.278,1
99.69399,2
1327.93,0
89.935,1
89.772,1
88.85901,1
89.258,1
90.113,1
89.507,1
89.252,1
92.035,2
109.99,0
90.492,1
91.535,1
90.755,1
90.306,1
90.745,1
90.618,1
90.81901,1
90.999,1
91.522,1
102.32,2
CHILTON
843.15,2
94.42599,0
93.45701,1
103.001,2
118.374,0
92.52299,1
99.369,2
1079.96,0
94.438,1
91.13499,1
95.502,1
90.438,1
100.039,2
729.53,0
88.66299,1
97.697,1
88.586,1
98.946,2
566.108,2
118.794,0
92.54,1
92.167,1
92.637,1
94.797,1
92.141,1
92.913,1
92.9,1
97.456,2
114.767,0
93.054,1
93.13,1
93.45901,1
93.26399,1
92.939,1
105.777,2
ROSBERG
852.56,2
92.284,0
87.112,1
105.853,1
86.69599,1
96.813,1
94.836,1
86.547,1
95.006,2
967.01,0
84.71999,1
101.594,1
97.577,1
95.963,1
90.823,2
474.404,2
125.243,0
88.99599,1
88.718,1
88.62299,1
88.577,1
88.97701,1
105.115,1
88.18999,1
88.483,1
88.252,1
89.08801,1
89.06499,1
89.372,1
93.453,2
110.699,0
97.398,1
88.75,1
89.12399,1
94.049,1
89.26499,1
89.179,1
94.533,2
RAIKKONEN
846.44,2
95.383,0
91.83801,1
104.992,1
94.97,2
560.9321,0
98.101,1
88.26099,1
95.046,1
92.718,2
128.179,2
683.34,0
86.116,1
98.928,1
86.197,1
97.12,1
85.73,1
98.16399,2
139.139,2
828.9,2
130.695,0
93.48801,2
127.756,0
89.365,1
89.015,1
89.83801,1
89.156,1
94.711,2
117.584,0
105.049,2
GROSJEAN
847.4301,2
112.378,2
1571.95,0
94.06499,2
1082.41,0
87.021,1
103.346,2
1143.52,0
87.031,1
94.822,1
93.046,2
325.184,0
90.423,1
93.41,2
ERICSSON
843.4301,2
94.239,0
92.298,1
93.403,1
99.015,1
92.943,1
92.16,1
91.979,1
91.912,1
99.049,2
869.55,0
92.56599,1
92.674,1
100.084,1
96.884,1
92.15,1
92.893,1
98.952,2
950.8,0
89.243,1
98.062,1
89.036,1
96.429,2
655.76,0
93.23,1
94.287,1
93.73399,1
93.346,1
93.861,1
93.589,1
94.933,1
94.201,1
93.002,1
98.91801,2
KOBAYASHI
844.22,2
98.79499,0
92.02599,1
98.006,1
98.30801,1
91.20499,1
90.951,1
103.361,2
872.82,0
91.339,1
97.645,1
105.697,1
91.18,1
106.242,2
845.38,0
88.37,1
103.376,1
103.084,1
96.514,2
527.527,0
94.711,1
94.493,1
94.029,1
94.70499,1
94.965,1
97.699,1
104.897,1
97.789,2
116.713,0
91.321,1
91.584,1
92.414,1
92.672,1
91.803,1
96.575,2
PEREZ
848.45,2
92.429,0
92.29499,1
89.15,1
97.208,2
570.699,0
94.076,1
94.718,1
89.47,1
88.603,1
94.589,2
552.57,0
87.013,1
103.271,1
94.37,1
91.916,2
695.08,0
90.438,1
89.751,1
89.606,1
89.456,1
90.229,1
90.638,1
89.98701,1
89.945,1
93.185,1
89.822,1
93.16499,2
113.324,0
90.62499,1
90.744,1
90.904,1
91.08801,1
90.934,1
91.404,1
92.677,1
90.67,1
91.055,1
96.65,2
MALDONADO
845.32,2
88.751,0
94.771,1
104.79,1
90.27299,1
98.76499,2
668.16,0
88.71999,1
95.05901,1
92.702,1
88.972,1
96.778,2
601.01,0
87.019,1
96.992,1
91.375,2
555.264,0
93.641,1
93.299,1
93.127,1
92.62499,1
92.396,1
92.297,1
95.29499,2
129.848,0
90.219,1
91.032,1
90.545,1
89.97701,1
90.085,1
90.037,1
90.982,1
92.33701,1
90.73399,1
90.44801,1
90.66399,1
91.016,1
90.85701,1
91.33701,1
97.392,2
ALONSO
850.3,2
87.199,0
106.335,1
92.433,2
664.05,0
87.463,1
103.844,1
87.393,1
101.959,2
134.86,2
128.183,2
850.98,0
85.437,1
104.765,2
895.04,2
132.868,2
122.545,0
89.332,1
89.139,1
89.056,1
89.48801,1
89.469,1
89.06599,1
89.31001,1
89.326,1
94.31901,2
BIANCHI
845.47,2
101.274,0
91.574,1
100.388,1
90.94901,1
102.96,2
992.32,0
90.81001,1
101.479,1
97.099,2
1074.75,0
88.469,1
101.997,1
98.368,1
98.73399,1
96.106,2
1036.19,0
93.944,1
93.814,1
97.825,2
112.923,0
91.913,1
92.141,1
93.38801,1
92.003,1
106.741,2
MASSA
856.34,2
96.22299,0
87.42599,1
97.79499,1
88.134,1
96.92599,2
124.671,2
846.5,0
86.402,1
113.926,1
113.796,2
651.61,2
477.487,2
131.52,0
92.23299,1
95.153,1
103.568,1
108.917,2
MAGNUSSEN
846.08,2
100.371,0
95.247,2
879.73,0
87.95701,1
87.56599,1
91.183,1
87.1,1
93.701,2
845.65,0
94.553,1
85.73499,1
98.546,1
85.58,1
96.099,2
652.02,0
90.154,1
89.256,1
89.279,1
90.152,1
90.098,1
89.933,1
90.203,1
90.434,1
94.35801,1
96.373,1
95.116,2
110.355,0
90.44701,1
91.844,1
90.714,1
90.231,1
90.63,1
101.965,2
GUTIERREZ
846.12,2
94.402,0
98.508,1
98.683,1
89.549,1
103.259,2
1512.02,0
87.69399,1
106.556,1
87.49,1
108.54,1
87.48,1
99.03,2
873.96,0
90.935,1
91.25,1
90.717,1
92.40701,1
91.27499,1
90.658,1
90.72499,1
90.678,1
93.72199,2
151.86,0
91.032,1
91.44,1
93.20599,1
92.18,1
91.519,1
91.074,1
91.382,1
98.70499,2
BUTTON
850,2
92.642,0
88.13599,1
105.604,1
87.943,1
99.893,2
809.71,0
88.05,1
100.136,1
87.953,1
100.365,1
95.528,2
428.175,0
86.23399,1
105.309,1
87.19599,1
99.914,2
829.91,0
90.638,1
90.491,1
90.34801,1
89.99,1
90.44,1
91.406,1
89.84,1
90.04,1
90.27499,1
92.679,1
90.628,1
90.826,1
90.751,1
91.398,1
98.281,2
VERGNE
846.21,2
88.895,0
100.368,1
89.92,1
99.19199,1
95.115,2
582.736,0
88.412,1
99.606,1
95.21999,1
93.29099,2
775.36,0
86.90701,1
100.973,1
87.30701,1
100.153,1
86.703,1
93.35101,2
727.04,2
123.898,0
90.19499,1
90.52399,1
91.05,1
90.516,1
90.363,1
90.519,1
92.501,1
90.445,1
90.591,1
90.508,1
91.472,1
93.971,2
118.138,0
91.02,1
91.173,1
91.268,1
117.471,2
KVYAT
846.37,2
89.483,0
108.057,1
106.889,1
88.44701,1
106.272,1
88.646,1
102.742,2
563.473,0
89.053,1
101.534,1
97.683,2
465.629,0
86.943,1
104.122,1
86.689,1
103.687,2
522.573,2
127.02,0
91.741,1
90.942,1
90.547,1
90.528,1
90.281,1
90.521,1
92.145,1
90.21999,1
93.199,2
115.164,0
93.913,1
90.822,1
90.576,1
91.108,1
90.718,1
91.37,1
90.529,1
90.137,1
92.303,1
90.826,1
91.23599,1
90.912,1
112.164,2
HULKENBERG
844.57,2
88.781,0
103.773,1
88.336,1
99.257,1
94.369,2
1009.65,0
86.87,1
99.716,1
86.789,1
98.991,2
884.57,0
91.282,1
90.745,1
91.425,1
91.375,1
91.213,1
91.533,1
91.412,1
91.042,1
91.031,1
90.821,1
90.84801,1
90.544,1
93.69299,2
108.961,0
89.208,1
89.529,1
89.322,1
89.76599,1
88.972,1
89.178,1
89.548,1
89.086,1
89.283,1
90.97,1
89.375,1
89.22199,1
98.48,2
HAMILTON
853.4901,2
90.178,0
96.965,1
86.22499,1
106.36,1
86.161,1
99.881,1
97.72199,2
978.95,0
99.552,1
94.053,1
84.513,1
100.917,1
84.482,1
93.073,2
460.236,2
138.429,0
88.81801,1
88.642,1
88.486,1
88.63499,1
89.214,1
88.63,1
88.881,1
88.541,1
101.089,1
88.876,1
88.854,1
89.215,1
99.108,2
118.796,0
91.684,1
90.114,1
89.65,1
95.372,1
89.082,1
89.281,1
105.251,2
BOTTAS
855.44,2
87.341,0
101.11,1
87.40701,1
87.777,1
96.339,2
866.12,0
86.053,1
97.056,1
85.999,1
96.035,2
112.767,2
584.546,2
121.874,0
90.446,1
90.188,1
90.173,1
90.397,1
90.26399,1
90.439,1
90.76499,1
93.81001,1
90.185,1
90.172,1
90.1,1
90.173,1
90.675,1
94.825,1
91.008,1
94.02499,2
110.36,0
89.532,1
90.04,1
91.05801,1
89.78999,1
89.881,1
102.078,2
SUTIL
848.4901,2
96.639,0
89.284,1
101.236,1
89.616,1
104.202,2
127.057,0
89.499,1
104.193,1
88.85701,1
98.482,2
814.39,0
86.91901,1
112.245,1
88.893,1
99.69599,2
595.048,0
93.335,1
92.427,1
92.944,1
93.105,1
92.586,1
92.634,1
92.137,1
91.951,1
100.303,2
145.306,0
90.344,1
90.144,1
90.384,1
91.109,1
90.894,1
91.077,1
91.01701,1
90.40701,1
90.62199,1
90.993,1
93.506,1
93.047,1
91.149,1
102.81,2
