VETTEL
1030.01,2
109.947,0
111.46,1
RICCIARDO
1029.44,2
97.45901,0
96.321,1
95.966,1
96.66499,1
95.48,1
95.324,1
95.08801,1
95.045,1
95.06,1
96.339,1
135.227,2
142.548,0
140.721,1
134.525,1
95.415,1
94.06599,1
93.883,1
93.969,1
94.14,1
93.816,1
93.826,1
94.258,1
94.804,1
95.277,1
94.873,1
95.099,1
94.968,1
95.113,1
95.976,1
95.44801,1
96.539,1
95.03,1
95.646,1
95.284,1
113.313,2
102.36,0
94.669,1
94.044,1
93.754,1
93.55701,1
93.251,1
93.902,1
93.29199,1
93.942,1
94.683,1
95.255,1
93.74,1
93.06599,1
93.231,1
93.335,1
93.149,1
93.468,1
93.425,1
93.367,1
93.475,1
94.21,1
CHILTON
1030.06,2
103.507,0
100.425,1
98.928,1
98.63599,1
99.455,1
99.49599,1
98.99599,1
101.036,1
99.37701,1
114.168,1
123.376,1
108.67,1
120.969,1
129.623,1
103.028,1
98.98701,1
98.56,1
98.659,1
98.77,1
98.863,1
98.96,1
100.026,1
119.399,2
103.605,0
98.26099,1
97.256,1
98.22499,1
97.79399,1
98.872,1
98.289,1
97.375,1
98.597,1
97.74599,1
97.021,1
99.66299,1
97.843,1
97.967,1
99.754,1
98.893,1
119.123,2
104.098,0
96.83801,1
97.373,1
98.085,1
96.633,1
96.939,1
100.071,1
98.982,1
96.592,1
97.12599,1
96.37801,1
95.975,1
96.62599,1
95.63499,1
ROSBERG
1029.42,2
97.687,0
95.76499,1
94.939,1
95.438,1
94.97701,1
95.41701,1
94.55,1
94.217,1
94.364,1
95.185,1
134.269,2
149.953,0
141.208,1
134.486,1
93.976,1
94.04,1
93.19499,1
92.478,1
93.331,1
92.839,1
93.144,1
93.213,1
93.936,1
93.941,1
94.539,1
95.58801,1
95.416,1
94.069,1
94.946,1
94.272,1
95.305,1
94.08801,1
93.979,1
93.981,1
94.464,1
95.18999,1
115.194,2
101.375,0
93.394,1
93.243,1
93.286,1
92.672,1
92.786,1
94.137,1
93.148,1
93.498,1
92.70399,1
92.8,1
92.757,1
93.863,1
93.001,1
93.02599,1
93.052,1
93.185,1
93.30901,1
93.85701,1
RAIKKONEN
1029.5,2
98.63,0
97.771,1
97.013,1
96.092,1
95.132,1
96.143,1
98.12199,1
96.648,1
96.444,1
97.253,1
145.964,2
126.011,0
136.028,1
131.894,1
96.707,1
95.48,1
95.38,1
95.33801,1
94.756,1
94.927,1
94.933,1
95.305,1
95.335,1
97.658,1
96.037,1
95.9,1
96.09,1
95.268,1
95.497,1
95.811,1
96.08,1
96.105,1
95.09,1
98.35201,1
114.28,2
100.692,0
93.896,1
94.046,1
93.76599,1
93.883,1
93.934,1
94.141,1
94.178,1
94.504,1
94.494,1
94.95701,1
94.494,1
95.142,1
95.259,1
94.396,1
94.545,1
94.802,1
93.922,1
93.74599,1
93.69099,1
95.036,1
GROSJEAN
1030.11,2
105.629,0
98.519,1
99.15701,1
98.493,1
97.813,1
97.112,1
97.993,1
98.72099,1
97.981,1
107.48,1
118.43,1
108.422,1
134.47,1
130.275,1
99.019,1
97.69299,1
96.931,1
98.26199,1
98.078,1
97.54,1
98.411,1
96.573,1
96.897,1
96.802,1
96.89,1
96.91801,1
115.731,2
102.283,0
94.76599,1
95.922,1
95.137,1
95.482,1
94.88701,1
95.35101,1
95.283,1
95.616,1
96.432,1
95.52,1
95.151,1
95.327,1
94.802,1
95.171,1
ERICSSON
1029.55,2
101.262,0
99.45701,1
99.77399,1
100.308,1
100.337,1
99.846,1
100.867,1
99.78,1
100.204,1
105.911,1
117.689,1
114.285,1
135.29,1
131.036,1
100.619,1
99.91701,1
98.329,1
100.171,1
98.815,1
99.108,1
98.83801,1
121.336,2
103.365,0
97.432,1
97.064,1
99.333,1
KOBAYASHI
PEREZ
1030.37,2
104.79,0
97.064,1
96.51,1
96.033,1
96.07,1
96.08701,1
96.99599,1
96.422,1
96.384,1
129.463,2
120.708,0
102.694,1
112.117,1
126.323,1
98.259,1
95.913,1
96.934,1
98.028,1
97.08701,1
95.451,1
95.138,1
96.156,1
96.70399,1
97.106,1
96.647,1
97.642,1
96.786,1
97.248,1
96.885,1
96.944,1
115.468,2
100.2,0
93.366,1
93.52599,1
93.99599,1
93.687,1
93.954,1
93.856,1
93.601,1
93.975,1
94.013,1
94.17599,1
94.254,1
94.483,1
94.254,1
94.994,1
94.686,1
94.925,1
95.395,1
95.098,1
95.328,1
95.467,1
95.81901,1
96.08,1
99.29299,1
97.436,1
MALDONADO
1029.57,2
100.456,0
100.141,1
99.728,1
100.548,1
99.369,1
99.59,1
98.909,1
98.563,1
98.631,1
107.54,1
118.116,1
115.651,1
135.353,1
131.297,1
98.171,1
97.332,1
98.508,1
97.856,1
97.453,1
98.745,1
98.584,1
99.26099,1
97.444,1
97.659,1
97.55901,1
98.651,1
100.524,1
118.825,2
ALONSO
1029.48,2
98.611,0
97.81001,1
95.719,1
96.20499,1
95.634,1
96.29199,1
96.46,1
96.405,1
96.992,1
97.667,1
139.525,2
128.277,0
140.389,1
132.487,1
96.473,1
95.451,1
94.952,1
95.453,1
95.143,1
94.612,1
95.05,1
95.3,1
95.29199,1
96.05901,1
95.797,1
95.783,1
95.647,1
96.27499,1
95.831,1
95.374,1
96.18999,1
95.94901,1
94.077,1
112.828,2
99.972,0
94.374,1
94.57,1
93.994,1
93.951,1
94.092,1
94.528,1
94.353,1
93.446,1
94.019,1
93.82,1
93.812,1
92.98701,1
93.52,1
93.468,1
93.844,1
93.661,1
93.078,1
93.23299,1
93.34701,1
92.616,1
95.034,1
BIANCHI
1042.01,2
99.46,0
98.882,1
113.401,1
118.319,1
102.194,1
120.446,1
128.732,1
101.693,1
98.95801,1
98.303,1
99.364,1
98.687,1
98.7,1
99.007,1
100.027,1
98.27399,1
97.503,1
97.728,1
118.244,2
104.076,0
97.109,1
96.21999,1
96.806,1
96.484,1
98.302,1
97.69199,1
98.22399,1
96.81901,1
96.30801,1
96.66299,1
97.30801,1
97.133,1
96.937,1
117.075,2
103.452,0
96.148,1
96.26299,1
98.30801,1
97.637,1
95.281,1
97.302,1
97.158,1
97.02399,1
95.618,1
96.422,1
96.799,1
96.831,1
95.702,1
MASSA
MAGNUSSEN
1029.46,2
97.435,0
97.91701,1
96.79599,1
96.76599,1
95.85701,1
95.446,1
95.752,1
95.74,1
95.555,1
96.19399,1
136.538,2
135.46,0
140.764,1
134.334,1
95.433,1
94.139,1
94.035,1
94.654,1
94.867,1
94.374,1
94.131,1
94.551,1
94.439,1
95.368,1
95.86,1
96.614,1
96.231,1
96.26399,1
95.727,1
95.505,1
95.62599,1
95.2,1
94.904,1
94.728,1
94.995,1
112.635,2
99.13,0
92.91701,1
93.898,1
93.144,1
93.742,1
93.718,1
93.112,1
94.356,1
94.404,1
95.249,1
93.866,1
92.997,1
92.98701,1
93.152,1
93.30701,1
94.237,1
93.771,1
93.441,1
93.12499,1
94.698,1
GUTIERREZ
1030.42,2
105.455,0
100.567,1
97.4,1
96.445,1
96.154,1
96.033,1
96.12199,1
95.93,1
97.507,1
114.083,1
118.875,1
101.993,1
117.263,1
127.375,1
100.635,1
98.371,1
98.27,1
98.815,1
97.18,1
96.869,1
97.752,1
97.45901,1
98.394,1
96.62299,1
96.89,1
97.95,1
97.272,1
97.23,1
117.089,2
104.522,0
94.656,1
94.202,1
94.485,1
94.479,1
95.2,1
95.203,1
95.131,1
94.508,1
94.77399,1
94.48801,1
95.727,1
95.408,1
95.605,1
94.708,1
94.59499,1
94.788,1
95.09399,1
95.29099,1
97.34,1
95.605,1
94.829,1
95.677,1
95.111,1
95.84,1
95.79499,1
BUTTON
1029.5,2
98.968,0
98.70499,1
97.156,1
97.12,1
96.686,1
96.271,1
96.079,1
95.979,1
96.655,1
117.843,2
120.84,0
121.893,1
140.58,1
132.402,1
96.184,1
95.402,1
95.181,1
95.19399,1
95.341,1
94.865,1
94.90701,1
95.413,1
95.385,1
95.76299,1
95.856,1
95.95901,1
95.908,1
96.014,1
95.871,1
95.908,1
113.971,2
99.16199,0
93.515,1
94.497,1
94.15701,1
94.15701,1
94.036,1
93.965,1
94.082,1
93.91801,1
93.797,1
93.569,1
93.35801,1
93.954,1
93.77499,1
93.539,1
93.326,1
93.373,1
93.44,1
93.549,1
93.551,1
93.453,1
93.668,1
93.69199,1
93.391,1
93.186,1
VERGNE
1029.49,2
98.579,0
99.424,1
96.855,1
97.592,1
96.35701,1
96.26299,1
95.798,1
96.09299,1
96.35901,1
97.041,1
143.494,2
123.534,0
139.749,1
132.012,1
96.656,1
95.52499,1
95.413,1
95.054,1
95.074,1
94.85701,1
94.754,1
95.461,1
95.383,1
95.677,1
96.25,1
95.971,1
96.086,1
96.011,1
95.899,1
95.73,1
95.943,1
115.005,2
100.416,0
93.864,1
94.16199,1
94.642,1
95.097,1
94.95701,1
95.015,1
94.79099,1
95.009,1
94.238,1
94.37901,1
94.35201,1
95.11,1
95.825,1
94.739,1
95.04,1
94.85801,1
94.757,1
94.381,1
96.361,1
94.67599,1
94.481,1
94.366,1
94.931,1
KVYAT
1029.5,2
98.797,0
99.41701,1
97.037,1
96.992,1
96.745,1
96.228,1
95.862,1
95.69099,1
96.45701,1
97.299,1
150.844,2
121.904,0
135.891,1
131.057,1
97.63499,1
96.322,1
95.569,1
95.367,1
95.26499,1
95.423,1
95.606,1
96.361,1
95.729,1
96.861,1
95.84801,1
95.66,1
96.09499,1
96.076,1
95.742,1
95.522,1
95.44801,1
95.503,1
95.19199,1
95.592,1
115.843,2
99.257,0
92.634,1
93.689,1
93.98701,1
93.70399,1
93.854,1
94.461,1
94.73,1
95.129,1
95.005,1
94.946,1
95.189,1
94.374,1
94.516,1
94.402,1
94.529,1
94.615,1
94.768,1
94.427,1
95.883,1
95.813,1
HULKENBERG
1029.47,2
98.35901,0
96.856,1
96.87801,1
96.35201,1
96.063,1
96.618,1
96.306,1
96.651,1
96.728,1
96.87701,1
136.397,2
130.616,0
141.039,1
133.697,1
96.462,1
94.943,1
95.345,1
95.38801,1
94.903,1
94.688,1
95.161,1
95.209,1
95.45701,1
95.755,1
95.759,1
95.94701,1
95.54,1
95.901,1
95.971,1
95.993,1
96.077,1
115.326,2
99.444,0
94.12299,1
95.913,1
95.006,1
94.925,1
94.929,1
94.661,1
94.85701,1
94.969,1
94.59,1
94.29599,1
94.33,1
94.586,1
94.6,1
94.316,1
94.258,1
94.57,1
93.73199,1
95.885,1
94.22199,1
94.83,1
93.53,1
93.21,1
93.398,1
HAMILTON
1029.46,2
BOTTAS
1029.5,2
98.737,0
98.584,1
96.786,1
95.747,1
94.925,1
95.96,1
95.573,1
95.73199,1
156.286,2
122.855,0
118.201,1
100.338,1
116.976,1
126.691,1
98.551,1
95.051,1
95.903,1
95.582,1
95.406,1
94.846,1
94.741,1
94.785,1
95.211,1
95.497,1
94.981,1
95.33,1
95.399,1
95.785,1
95.913,1
95.64,1
95.372,1
95.169,1
94.638,1
95.912,1
115.054,2
99.745,0
93.779,1
94.251,1
93.81901,1
93.91901,1
93.85801,1
94.05701,1
94.41901,1
94.51801,1
94.339,1
94.578,1
93.7,1
93.482,1
94.553,1
93.628,1
94.18999,1
94.118,1
93.269,1
92.965,1
92.568,1
94.671,1
SUTIL
1029.54,2
101.685,0
100.024,1
99.823,1
101.794,1
99.542,1
97.994,1
97.798,1
98.062,1
98.683,1
108.015,1
118.59,1
116.199,1
136.327,1
131.4,1
97.609,1
97.58801,1
97.369,1
97.432,1
97.12599,1
96.836,1
96.984,1
96.519,1
96.75,1
97.213,1
96.567,1
97.286,1
96.954,1
96.646,1
96.871,1
97.278,1
96.97701,1
97.26399,1
97.544,1
118.752,2
103.373,0
95.064,1
95.27599,1
95.037,1
94.56599,1
94.564,1
94.802,1
94.869,1
95.12499,1
95.207,1
95.177,1
95.199,1
95.004,1
95.579,1
95.23599,1
96.38,1
94.934,1
94.62599,1
94.59399,1
94.627,1
94.743,1
