VETTEL
605.44,2
918.16,0
86.506,1
84.202,1
80.65,1
80.29499,1
80.886,1
90.70399,2
1181.28,0
92.546,1
83.55801,1
80.105,1
89.36,1
80.097,1
80.306,1
94.581,2
1049.08,0
83.73,1
83.159,1
82.758,1
86.975,1
83.62599,1
83.171,1
83.073,1
83.177,1
83.90701,1
83.55701,1
88.405,2
RICCIARDO
604.4,2
903.84,0
84.727,1
81.334,1
90.268,1
80.656,1
80.655,1
80.479,1
87.70399,2
1372.19,0
79.697,1
91.299,1
80.213,1
97.29599,2
976.02,0
83.52599,1
83.13499,1
82.69399,1
82.76199,1
83.043,1
83.147,1
83.997,1
83.834,1
83.22399,1
83.35201,1
84.499,1
88.385,2
CHILTON
602.56,2
860.21,2
1154.45,0
83.708,1
83.652,1
83.299,1
87.158,1
84.572,1
89.014,2
840.45,0
84.101,1
89.429,2
962.45,0
89.915,1
87.038,1
87.331,1
86.718,1
86.415,1
86.756,1
86.66,1
91.519,1
107.204,2
ROSBERG
605.01,2
827.96,2
123.365,0
85.59499,1
84.201,1
80.33701,1
106.314,1
80.406,1
84.974,2
1408.98,2
104.12,0
79.27599,1
101.642,1
79.131,1
106.719,1
84.253,1
88.23299,2
724.11,2
101.037,0
82.844,1
83.257,1
83.35701,1
83.995,1
83.373,1
83.599,1
83.41,1
83.283,1
83.423,1
91.965,2
RAIKKONEN
603.26,2
101.879,2
1036.05,0
97.478,2
1614.67,0
80.454,1
92.45901,1
86.69099,1
80.21,1
88.375,1
86.941,2
1014.69,0
80.332,1
92.748,1
84.127,1
87.955,1
87.778,2
129.337,0
80.783,1
93.933,2
131.525,2
GROSJEAN
603.05,2
140.892,2
1000.86,0
82.777,1
82.548,1
84.482,1
82.127,1
92.23299,2
1200.7,0
81.603,1
100.925,2
1680.09,0
82.87,1
82.283,1
82.043,1
88.85001,1
90.651,2
135.004,0
84.16199,1
103.292,2
ERICSSON
602.29,2
655.4901,0
88.48,1
85.401,1
84.642,1
86.099,1
84.38901,1
84.42599,1
84.12199,1
84.72499,1
83.982,1
106.606,2
1048.04,0
86.719,1
83.492,1
83.256,1
85.84801,1
83.88,1
83.697,1
83.965,1
84.15701,1
84.72599,1
84.49599,1
101.467,2
852.84,0
88.014,1
84.355,1
84.306,1
86.572,1
85.981,1
89.401,1
90.016,2
116.169,0
97.876,1
105.68,2
KOBAYASHI
602.39,2
760.12,0
84.466,1
84.35201,1
84.177,1
84.228,1
83.839,1
86.078,1
83.18999,1
89.45,1
102.034,2
789.54,0
85.675,1
86.98,1
82.572,1
87.491,1
84.97,1
83.175,1
91.35001,1
82.85201,1
101.229,2
1383.21,0
85.599,1
99.514,1
89.804,1
84.203,1
83.98901,1
85.259,1
89.973,2
107.364,0
107.707,2
PEREZ
604.48,2
828.98,0
81.826,1
91.896,1
81.103,1
82.27299,1
82.281,1
81.521,1
82.29399,1
85.47701,2
1522.89,0
80.604,1
89.98,1
80.861,1
89.652,1
80.598,1
91.72399,2
1020.76,0
81.931,1
81.303,1
81.159,1
83.58701,1
81.85801,1
86.841,2
MALDONADO
603.46,2
138.461,2
792.46,0
83.677,1
82.353,1
93.98801,1
83.674,1
87.169,1
82.602,1
91.19099,2
1489.6,0
86.412,1
82.504,1
89.719,1
81.95801,1
94.13499,2
138.505,0
82.493,1
82.728,1
90.004,1
81.854,1
94.009,2
655.56,0
85.59499,1
82.36,1
88.76499,1
82.864,1
86.298,1
84.465,1
94.503,2
ALONSO
603.08,2
93.991,2
1084.07,0
80.653,1
88.173,1
80.483,1
96.282,2
1694.98,0
90.85101,1
79.831,1
91.331,1
79.423,1
101.541,2
124.616,2
711.42,0
79.814,1
88.27499,1
89.008,2
115.546,0
80.745,1
98.77599,2
BIANCHI
603.08,2
866.05,0
84.406,1
91.269,1
83.915,1
84.38901,1
96.45901,1
83.632,1
90.16199,2
1325.97,0
83.076,1
94.186,1
82.982,1
100.504,2
1434.35,0
86.483,1
86.169,1
85.908,1
87.92,1
85.432,1
85.881,1
87.475,1
86.443,1
99.9,2
MASSA
602.36,2
955.2,0
81.031,1
94.207,1
87.26099,2
2306.85,0
80.84901,1
93.405,1
80.542,1
93.531,1
97.297,2
627.56,0
85.227,1
81.044,1
95.628,1
81.729,1
81.95,1
91.478,2
114.588,2
MAGNUSSEN
603.1,2
811.27,0
82.88801,1
80.471,1
82.44701,1
84.513,1
81.435,1
85.999,1
80.659,1
89.922,2
1517.38,0
81.876,1
80.105,1
83.075,1
82.16199,1
87.515,1
86.69599,1
80.41701,1
92.986,2
673.52,0
83.601,1
84.23199,1
84.097,1
84.42,1
84.81801,1
84.544,1
84.606,1
84.875,1
84.892,1
85.995,1
86.37901,1
97.939,2
BUTTON
603.08,2
111.98,2
806.66,0
81.32,1
92.561,1
80.576,1
90.65,1
80.529,1
96.22499,2
1458.15,0
80.08701,1
96.503,1
80.16399,1
96.237,1
79.833,1
91.885,2
799.54,0
83.785,1
83.94801,1
83.927,1
84.41901,1
85.821,1
84.454,1
96.131,2
VERGNE
602.18,2
1042.47,0
84.328,1
82.006,1
97.217,1
80.992,1
86.27499,1
80.991,1
89.73299,2
1157.9,0
80.62199,1
95.119,1
80.586,1
100.091,1
80.73299,1
98.21,1
81.333,1
99.575,2
1506.73,0
85.091,1
84.171,1
84.24,1
87.633,2
KVYAT
603.22,2
951.63,0
84.63599,1
81.619,1
87.486,1
81.72099,1
101.273,1
82.016,1
94.11,2
1029.14,0
80.425,1
88.85901,1
80.548,1
88.834,1
80.33701,1
89.681,2
1136.17,2
113.964,0
83.769,1
84.12,1
84.339,1
84.395,1
84.314,1
84.30901,1
88.572,2
250.979,0
84.41701,1
102.891,2
HULKENBERG
605.31,2
1252.32,0
81.30801,1
87.898,2
1274.43,0
80.833,1
92.614,1
80.869,1
88.94701,1
80.592,1
80.984,1
80.842,1
81.312,1
87.228,2
809.4901,0
81.616,1
94.412,1
98.35001,1
81.757,1
82.617,1
89.908,2
105.581,2
95.148,2
HAMILTON
605.23,2
780.48,0
82.688,1
90.642,1
83.213,1
86.219,1
85.342,1
82.826,1
88.285,2
1545.3,0
82.036,1
79.615,1
79.545,1
87.24599,1
79.19599,1
88.073,2
106.027,0
83.152,2
738.07,2
452.255,0
83.429,1
82.975,1
83.881,1
83.073,1
90.963,2
SUTIL
603.33,2
1089.93,0
81.79399,1
81.343,1
92.119,1
80.69399,1
90.45701,2
2084.71,0
90.982,1
80.505,1
104.604,1
80.874,1
87.822,2
899.81,0
81.364,1
89.804,1
81.104,1
87.326,2
