VETTEL
856.33,2
101.69,0
101.542,1
101.367,1
101.041,1
112.207,2
923.31,0
100.161,1
111.979,1
99.97,1
113.484,2
844.65,0
104.28,1
104.454,1
104.744,1
104.674,1
104.848,1
106.058,1
107.095,1
105.131,1
107.545,1
105.252,1
105.185,1
105.396,1
106.091,1
110.122,2
145.559,0
105.636,1
115.5,1
135.724,2
RICCIARDO
856.45,2
101.45,0
101.079,1
101.328,1
111.723,1
101.318,1
113.806,2
778.24,0
101.18,1
117.25,1
100.276,1
119.556,2
794.9901,0
106.738,1
105.863,1
106.162,1
105.857,1
109.699,1
106.361,1
106.18,1
106.959,1
107.354,1
107.906,1
109.537,1
115.647,2
146.582,0
104.65,1
105.232,1
148.454,2
CHILTON
843.4,2
2398.89,0
104.227,1
118.154,1
103.638,1
118.585,2
694.59,0
109.09,1
108.596,1
108.79,1
109.12,1
109.182,1
109.375,1
110.723,1
114.46,2
184.001,2
528.535,0
111.707,1
134.033,2
1787.98,0
ROSBERG
852.42,2
101.195,0
101.211,1
102.47,1
110.5,2
820.37,0
99.909,1
125.501,2
791.4901,2
139.062,0
104.121,1
104.353,1
104.438,1
104.647,1
114.394,1
104.8,1
104.651,1
105.17,1
108.328,1
105.879,1
111.508,2
137.587,0
104.89,1
104.213,1
110.217,1
105.326,1
104.913,1
105.971,1
119.551,2
175.472,2
RAIKKONEN
852.05,2
101.142,0
112.833,1
101.534,1
111.823,1
101.682,1
113.212,2
161.552,2
677.19,0
99.944,1
114.112,1
110.049,2
903.61,2
151.172,2
130.568,0
105.845,1
105.554,1
105.046,1
104.964,1
105.47,1
105.492,1
107.938,1
106.585,1
106.719,1
106.673,1
106.5,1
112.167,2
133.071,2
143.589,2
156.154,2
GROSJEAN
842.24,2
104.005,0
106.693,1
104.464,1
104.447,1
111.733,1
107.969,1
104.37,1
185.979,2
2873.47,0
105.744,1
102.531,1
103.203,1
ERICSSON
843.28,2
110.578,0
117.707,1
116.01,1
115.733,1
111.573,1
105.703,1
126.132,2
634.5,0
112.585,1
117.127,1
110.613,2
1192.82,0
116.21,1
112.285,1
109.29,1
109.11,1
113.1,1
110.232,1
110.426,1
108.876,1
109.418,1
112.06,1
110.887,1
110.457,1
111.669,1
113.072,1
113.306,1
123.547,2
137.179,0
115.827,2
KOBAYASHI
PEREZ
843.21,2
104.239,0
107.113,1
105.715,1
111.506,1
118.721,2
902.38,0
101.671,1
114.685,1
110.918,2
1610.98,0
102.147,1
109.319,2
440.388,0
105.45,1
105.779,1
105.909,1
105.884,1
105.961,1
106.241,1
108.233,1
106.806,1
107.463,1
107.851,1
116.125,2
MALDONADO
ALONSO
852.2,2
102.17,0
111.34,1
100.737,1
119.034,2
1109.29,0
100.103,1
113.898,1
100.647,1
118.91,2
685.45,2
153.87,2
164.896,2
126.563,0
105.065,1
104.562,1
105.201,1
105.089,1
105.276,1
107.066,1
106.813,1
107.228,1
113.134,2
127.422,0
103.926,1
104.651,1
105.366,1
104.781,1
111.09,2
BIANCHI
843.58,2
105.112,0
121.529,1
104.628,1
118.521,2
1274.45,0
103.752,1
120.277,1
119.817,2
1139.24,0
110.572,1
109.777,1
111.938,1
109.644,1
111.068,1
115.284,2
134.293,0
107.505,1
110.15,1
108.61,1
108.794,1
112.402,1
109.173,1
108.861,1
108.919,1
108.476,1
108.736,1
109.441,1
135.419,2
MASSA
845.14,2
116.873,0
118.51,1
113.203,1
101.075,1
114.421,1
102,1
108.773,2
901.17,0
100.112,1
125.239,1
118.966,2
869.45,2
150.005,0
104.094,1
104.672,1
105.231,1
106.299,1
105.889,1
105.284,1
106.532,1
106.387,1
106.205,1
107.544,1
107.419,1
109.004,1
108.566,1
113.452,2
137.454,0
118.895,1
104.818,1
105.152,1
108.449,1
127.358,2
MAGNUSSEN
843.37,2
134.771,2
1463.4,0
102.551,1
116.764,1
101.014,1
116.299,1
101.665,1
119.314,2
1646.86,0
106.89,1
106.785,1
109.747,1
106.751,1
107.154,1
107.922,1
110.224,1
109.009,1
110.056,1
127.389,2
GUTIERREZ
852.3,2
102.6,0
122.154,1
102.28,1
114.925,2
811.61,0
101.457,1
122.025,1
101.407,1
118.19,2
634.13,0
106.644,1
106.846,1
106.8,1
107.099,1
107.962,1
107.683,1
108.2,1
109.741,1
114.071,2
128.867,0
106.256,1
107.053,1
106.602,1
107.187,1
107.355,1
107.682,1
107.788,1
107.337,1
108.332,1
108.022,1
108.96,1
108.933,1
130.855,2
BUTTON
846.12,2
102.445,0
116.897,1
101.635,1
116.941,2
1805.88,0
100.628,1
120.812,1
100.649,1
112.665,2
665.16,0
107.634,1
107.557,1
106.506,1
106.341,1
110.121,1
107.053,1
107.118,1
107.292,1
108.606,1
108.913,1
113.623,2
128.982,0
105.649,1
105.872,1
107.413,1
106.695,1
128.525,2
VERGNE
844.55,2
107.769,0
106.403,1
108.938,1
113.697,2
719.84,0
101.576,1
113.336,1
102.979,1
117.267,2
707.97,0
100.777,1
119.653,1
101.102,1
117.287,2
722.89,0
105.23,1
104.878,1
105.28,1
105.526,1
106.104,1
106.551,1
106.639,1
106.63,1
107.114,1
108.93,1
113.849,2
129.708,0
105.947,1
106.128,1
106.446,1
107.432,1
135.47,2
KVYAT
852.13,2
104.987,0
102.448,1
117.659,1
102.883,1
114.594,2
856.4,0
101.325,1
117.852,1
101.385,1
117.412,2
848.62,2
152.163,0
105.597,1
106.413,1
106.011,1
106.332,1
106.021,1
107.392,1
108.038,1
107.766,1
115.652,2
144.286,0
105.443,1
104.079,1
104.632,1
105.821,1
105.589,1
106.358,1
109.255,1
117.274,1
131.858,2
HULKENBERG
844.37,2
109.513,0
102.293,1
114.725,1
113.376,1
116.139,2
126.68,0
115.958,2
506.848,0
102.032,1
110.635,2
564.871,0
100.691,1
114.293,1
101.023,1
111.356,2
538.7141,0
104.106,1
104.495,1
105.052,1
106.128,1
105.373,1
105.87,1
106.448,1
106.777,1
107.468,1
113.741,2
128.096,0
106.7,1
106.391,1
105.804,1
106.498,1
105.553,1
111.069,2
HAMILTON
856.02,2
100.785,0
101.749,1
101.997,1
101.13,1
109.663,2
571.985,0
100.051,1
111.066,2
775.45,2
159.174,0
103.756,1
106.479,1
103.529,1
104.624,1
104.529,1
105.094,1
105.539,1
105.124,1
108.81,1
106.142,1
111.788,2
138.08,0
107.161,1
104.946,1
104.682,1
104.65,1
104.808,1
106.605,1
105.713,1
106.072,1
115.486,2
BOTTAS
848.17,2
112.558,0
101.072,1
114.892,1
102.509,1
109.429,2
1019.12,0
109.409,1
100.638,1
114.025,1
101.676,1
108.614,2
540.9871,0
106.432,1
106.234,1
105.601,1
105.961,1
106.251,1
106.539,1
106.849,1
107.221,1
109.431,1
116.448,2
131.199,0
110.311,1
104.406,1
104.71,1
105.974,1
105.449,1
105.317,1
106.448,1
108.011,1
106.686,1
111.162,1
156.931,2
SUTIL
849.57,2
103.509,0
122.804,1
102.744,1
120.853,2
969.53,0
101.257,1
125.317,1
101.871,1
126.701,2
872.7,0
107.82,1
106.226,1
107.593,1
106.616,1
107.4,1
107.921,1
108.492,1
113.277,2
128.956,0
108.639,1
105.314,1
105.582,1
107.139,1
107.556,1
107.7,1
106.598,1
117.524,2
