VETTEL
858.19,2
80.182,0
94.133,1
79.872,1
89.144,1
89.209,2
903.13,0
79.334,1
98.214,1
79.248,1
93.456,2
744.29,0
82.511,1
82.531,1
82.29199,1
82.87,1
83.18999,1
82.803,1
86.533,2
118.731,0
83.753,1
83.101,1
83.179,1
83.182,1
83.16299,1
83.707,1
83.76599,1
84.183,1
86.804,1
84.237,1
83.862,1
84.203,1
83.842,1
83.84901,1
91.175,2
RICCIARDO
857.08,2
81.153,0
91.406,1
79.806,1
84.55901,2
952.88,0
78.443,1
103.818,1
87.79499,2
827,0
82.653,1
82.69599,1
83.049,1
83.13,1
83.23499,1
82.891,1
82.891,1
82.703,1
83.03,1
83.85101,1
84.648,1
84.642,1
88.101,2
117.645,0
83.082,1
83.323,1
83.16199,1
83.384,1
87.83701,1
82.982,1
83.09,1
83.281,1
83.119,1
82.94801,1
91.933,2
CHILTON
848.22,2
83.941,0
92.074,1
83.606,1
94.897,2
1422.31,0
87.836,1
83.48801,1
90.712,2
647.07,0
81.898,1
89.64,1
82.34901,1
98.047,2
586.439,0
86.108,1
87.68999,1
92.67,2
103.406,0
85.519,1
100.959,1
85.184,1
85.601,1
85.719,1
86.306,1
86.441,1
87.94,1
110.425,2
ROSBERG
852.29,2
113.177,0
79.729,1
105.76,1
79.424,1
79.424,1
110.191,1
92.288,2
914.73,0
100.123,1
78.365,1
97.453,2
554.182,2
120.935,2
125.51,0
82.698,1
85.22499,1
82.652,1
82.19199,1
82.464,1
82.398,1
82.55,1
87.37901,1
82.35901,1
83.103,1
85.441,1
83.585,1
87.921,2
149.826,0
82.512,1
82.634,1
87.134,1
83.328,1
83.089,1
83.72099,1
83.06599,1
83.031,1
82.778,1
RAIKKONEN
849.34,2
80.26299,0
91.631,1
82.854,1
91.868,1
85.301,2
769.26,0
88.528,2
136.013,2
513.256,0
78.88701,1
93.94701,1
79.21999,1
92.611,2
128.447,2
620.19,2
121.313,2
109.079,0
82.747,1
83.01801,1
82.963,1
83.12099,1
83.21,1
84.005,1
83.609,1
85.09,1
88.98801,2
100.962,0
83.38,1
83.33801,1
83.23,1
84.54,1
83.5,1
85.056,1
84.036,1
83.32,1
83.77499,1
97.12499,2
GROSJEAN
852.03,2
85.718,0
81.597,1
93.87901,1
81.415,1
90.008,1
83.37901,1
82.301,1
86.855,2
1333.52,0
80.652,1
95.341,1
80.35801,1
95.35801,2
680.21,0
84.986,1
86.982,1
85.399,1
85.20499,1
85.272,1
85.04,1
86.199,1
86.012,1
86.4,1
91.7,2
102.27,0
86.599,1
86.40701,1
84.87,1
84.097,1
84.278,1
84.748,1
84.278,1
83.984,1
90.697,2
ERICSSON
843.37,2
85.361,0
3248.73,1
81.87,1
90.768,1
101.113,2
591.6089,0
86.966,1
87.548,1
86.187,1
87.037,1
86.85701,1
86.277,1
86.336,1
86.30701,1
86.505,1
86.74,1
87.867,1
87.37901,1
103.347,2
KOBAYASHI
844.12,2
84.476,0
94.368,1
89.345,1
84.091,1
94.58801,1
83.728,1
92.591,1
83.756,1
96.211,2
798.69,0
PEREZ
850.33,2
81.98701,0
87.27,1
80.868,1
88.032,1
81.041,1
91.315,2
1602.56,0
79.581,1
92.698,2
788.34,0
82.55901,1
82.963,1
82.631,1
82.606,1
82.8,1
83.004,1
83.554,1
83.415,1
87.084,2
494.512,0
83.256,1
83.23299,1
83.433,1
83.369,1
83.911,1
83.446,1
88.012,2
MALDONADO
848.34,2
81.133,0
91.972,1
86,1
97.334,2
864.73,0
81.769,1
91.231,1
86.394,2
629.86,0
80.158,1
94.153,1
86.943,2
783.02,0
85.084,1
85.129,1
84.229,1
84.047,1
84.081,1
84.12399,1
84.286,1
84.501,1
84.486,1
85.001,1
86.345,1
89.498,2
110.306,0
85.075,1
85.62199,1
86.08801,1
85.865,1
88.128,1
85.373,1
85.05701,1
92.16299,2
ALONSO
855.4,2
88.029,2
527.38,0
80.013,1
96.842,2
998.14,0
79.329,1
92.932,1
79.423,1
97.006,2
115.912,2
124.908,2
559.147,2
115.725,2
112.326,2
101.402,0
83.602,1
83.77399,1
83.901,1
84.866,1
84.385,1
83.469,1
84.055,1
83.467,1
83.583,1
83.584,1
83.904,1
83.87,1
83.836,1
83.927,1
84.543,1
96.20399,2
BIANCHI
861.09,2
82.409,0
95.51701,1
82.59399,1
94.128,2
538.486,0
82.55701,1
94.516,2
485.571,0
81.328,1
95.12099,1
82.048,1
96.927,2
580.178,0
86.963,1
86.334,1
86.083,1
87.35901,1
86.91,1
86.099,1
86.555,1
86.994,1
87.218,1
87.086,1
89.285,1
91.472,2
104.979,0
85.03,1
84.973,1
84.91901,1
102.365,2
MASSA
856.2,2
88.925,0
80.16599,1
99.882,1
80.24599,1
97.81901,2
903.89,0
79.02399,1
97.647,1
91.271,2
117.579,2
621.25,2
112.644,2
114.104,0
82.645,1
82.645,1
83.64,1
83.037,1
83.201,1
83.187,1
84.304,1
84.045,1
85.84,1
84.008,1
84.372,1
85.005,1
100.227,2
223.098,0
83.105,1
85.87701,1
82.091,1
84.473,1
82.16399,1
82.256,1
82.181,1
94.26299,2
MAGNUSSEN
846.13,2
91.39,0
81.277,1
80.88901,1
87.549,1
81.118,1
96.607,2
771.01,0
81.903,1
89.435,2
628.9901,0
78.96,1
94.582,1
79.42,1
99.227,2
659.15,0
82.894,1
83.445,1
83.831,1
83.981,1
84.028,1
84.41701,1
84.26199,1
85.26099,1
86.22099,1
90.108,2
100.502,0
84.439,1
84.83801,1
85.053,1
84.29399,1
84.832,1
84.823,1
84.88701,1
85.14,1
85.16199,1
84.934,1
85,1
85.272,1
101.388,2
GUTIERREZ
844.37,2
83.712,0
83.513,1
96.229,1
82.484,1
82.288,1
90.911,2
660.23,0
81.91,1
101.722,1
82.02599,1
88.368,2
818.46,0
81.08701,1
97.814,1
80.504,1
91.396,2
605.83,0
85.609,1
85.271,1
85.282,1
85.98901,1
88.333,1
85.912,1
86.103,1
86.361,1
86.88901,1
88.285,1
104.542,2
110.503,0
93.267,2
125.076,0
84.478,1
84.481,1
84.155,1
83.836,1
84.09,1
83.953,1
84.168,1
BUTTON
846.39,2
93.479,0
81.803,1
101.483,1
80.921,1
98.085,2
697.22,0
80.88901,1
94.543,1
87.028,1
80.915,1
95.738,2
627.76,0
79.298,1
98.563,1
79.22099,1
95.368,2
629.7,0
84.592,1
83.951,1
83.619,1
84.22199,1
84.144,1
85.497,1
84.908,1
84.994,1
84.973,1
85.209,1
85.436,1
90.784,2
104.999,0
84.114,1
84.532,1
84.403,1
84.598,1
84.456,1
84.92,1
84.30701,1
84.069,1
95.31001,2
VERGNE
850.12,2
81.47701,0
95.268,1
81.62299,1
87.071,1
81.216,1
92.304,2
799.84,0
84.353,1
87.865,1
81.972,1
88.933,1
91.87701,2
802.22,0
79.75999,1
93.142,1
86.117,2
834.86,2
119.394,0
83.703,1
83.442,1
84.328,1
83.81901,1
86.056,1
83.745,1
84.12,1
84.045,1
84.497,1
87.784,2
101.822,0
84.394,1
91.39,2
KVYAT
849.29,2
80.659,0
90.22499,1
92.021,1
91.529,1
80.702,1
93.08,2
719.07,0
88.686,1
89.637,1
81.19399,1
93.371,2
844.36,0
79.452,1
93.23,1
79.999,1
91.72099,2
718.13,2
105.368,0
84.403,1
84.199,1
84.114,1
84.544,1
84.189,1
84.583,1
85.66499,1
89.678,2
HULKENBERG
849.22,2
81.247,0
90.86,1
81.086,1
94.905,1
86.563,2
878.55,0
79.59299,1
94.899,1
86.092,2
1020,0
83.44801,1
83.1,1
83.129,1
83.12099,1
83.029,1
83.81001,1
83.043,1
83.601,1
83.637,1
83.324,1
83.741,1
84.34701,1
85.083,1
92.618,2
653.56,0
83.326,1
83.382,1
89.038,1
83.322,1
82.784,1
92.48701,2
HAMILTON
855.04,2
87.75,0
92.98701,1
79.757,1
94.076,1
80.38,1
97.434,1
84.207,2
910.2,0
78.341,1
98.863,1
78.922,1
90.72399,2
597.047,2
136.072,2
120.979,0
82.66,1
83.099,1
82.933,1
82.703,1
82.177,1
89.76299,1
82.463,1
82.79599,1
87.013,1
91.062,2
147.154,0
83.151,1
83.354,1
83.464,1
83.009,1
86.937,1
82.94,1
82.969,1
82.88,1
83.02399,1
83.172,1
91.754,2
BOTTAS
850.38,2
80.868,0
94.23299,1
80.84701,1
95.044,1
81.282,1
90.615,1
80.58801,1
86.67,2
697.7,0
83.615,1
83.334,1
82.555,1
85.522,2
563.662,0
79.385,1
94.80701,1
80.09499,1
79.738,1
87.202,2
120.926,2
800.84,2
112.132,0
83.249,1
83.70499,1
84.062,1
83.98,1
96.644,1
83.844,1
84.182,1
85.029,1
85.267,1
88.437,1
94.536,2
SUTIL
851.05,2
89.06599,0
81.802,1
97.102,2
124.451,0
89.174,1
80.788,1
99.91701,1
81.14,1
96.363,2
806.53,0
79.41701,1
100.89,1
80.28,1
96.754,2
640.34,2
108.381,0
84.642,1
84.45901,1
89.185,1
84.555,1
84.38,1
84.554,1
84.314,1
84.985,1
84.91,1
85.287,1
86.16299,1
86.954,1
100.114,2
118.592,0
84.495,1
84.284,1
84.684,1
89.522,1
84.554,1
84.642,1
85.03,1
84.569,1
85.16299,1
94.111,2
