VETTEL
786,2
61.338,0
102.113,1
101.545,1
101.807,1
101.138,1
101.348,1
101.283,1
101.235,1
100.027,2
119.757,0
99.53,1
99.754,1
100.055,1
100.215,1
99.35101,1
99.59399,1
99.758,1
99.816,1
99.668,1
99.564,1
99.752,1
100.005,1
100.177,1
99.915,1
99.823,1
99.874,1
99.91801,1
99.34,1
99.81701,1
100.089,1
99.612,1
99.41901,2
120.138,0
98.825,1
99.228,1
99.767,1
98.702,1
99.491,1
99.382,1
99.034,1
99.572,1
98.944,1
99.216,1
99.29299,1
98.83701,1
99.915,1
98.44901,1
97.785,1
98.452,1
99.25999,1
97.481,1
RICCIARDO
786.03,2
61.318,0
103.25,1
102.136,1
102.091,1
102.828,1
101.899,1
102.27,1
101.569,1
101.044,1
101.326,1
101.166,1
100.573,1
100.676,1
99.21999,2
119.113,0
99.03,1
99.645,1
99.45901,1
100.22,1
99.993,1
99.34,1
99.23,1
99.34701,1
99.342,1
99.465,1
100.162,1
100.102,1
99.09399,1
100.177,1
99.993,1
99.172,1
99.01801,1
98.45901,1
98.83701,1
98.942,1
99.11,1
99.213,1
99.604,1
99.493,1
99.228,1
99.185,1
99.105,1
99.139,1
99.313,1
99.28999,1
99.56,1
100.004,1
100.042,1
99.69599,1
99.68999,1
98.993,1
CHILTON
786.08,2
63.228,2
116.769,0
102.788,1
102.565,1
103.077,1
102.863,1
103.023,1
103.134,1
103.243,1
103.074,1
103.043,1
103.064,1
103.015,1
103.561,1
104.045,1
103.41,1
103.177,1
103.655,1
102.531,1
102.651,1
103.326,1
103.835,1
102.686,1
102.089,1
102.804,1
102.765,1
104.189,1
102.051,2
124.37,0
101.523,1
101.345,1
105.634,1
101.342,1
101.05,1
101.386,1
101.822,1
101.25,1
100.893,1
100.824,1
100.932,1
100.462,1
101.198,1
101.178,1
101.49,1
101.389,1
101.045,1
103.626,1
101.839,1
100.399,1
ROSBERG
785.51,2
61.398,0
98.609,1
99.011,1
98.934,1
98.75,1
98.85701,1
98.85701,1
98.98801,1
99.169,1
99.464,1
99.767,1
99.267,1
99.02399,1
99.139,1
99.25,1
99.039,1
98.12199,2
118.481,0
98.615,1
98.30901,1
98.331,1
98.454,1
98.315,1
98.53,1
98.091,1
98.288,1
99.70499,1
RAIKKONEN
GROSJEAN
786.31,2
61.098,0
103.765,1
102.927,1
103.827,1
103.065,1
103.005,1
103.086,1
104.739,1
103.306,1
102.519,1
102.822,1
101.899,1
101.859,1
102.134,1
101.713,1
101.864,1
102.9,1
102.309,1
102.371,1
101.699,1
101.765,1
101.788,1
101.715,1
102.112,1
102.121,1
102.001,1
101.691,1
102.13,1
100.936,2
121.493,0
99.644,1
99.993,1
99.712,1
99.906,1
100.177,1
100.068,1
99.681,1
99.683,1
100.021,1
99.62399,1
99.322,1
99.255,1
99.656,1
99.34701,1
99.209,1
99.456,1
98.91901,1
99.12499,1
99.116,1
98.99599,1
ERICSSON
786.25,2
61.138,0
105.24,1
105.28,1
104.779,1
105.943,1
104.319,1
105.587,1
104.383,1
104.415,1
130.389,2
KOBAYASHI
845.14,2
148.434,0
104.193,1
104.304,1
105.301,1
105.29,1
104.471,1
104.203,1
104.178,1
103.921,1
104.583,1
104.289,1
104.152,1
104.409,1
104.18,1
104.353,1
105.256,1
103.691,2
125.614,0
103.384,1
103.055,1
104.5,1
104.379,1
103.816,1
105.778,1
105.178,1
104.455,1
103.696,1
103.432,2
124.256,0
101.462,1
101.875,1
103.365,1
104.94,1
102.475,1
102.282,1
102.808,1
103.52,1
103.925,1
102.745,1
102.658,1
102.37,1
102.438,1
103.787,1
104.13,1
102.777,1
104.319,1
104.203,1
104.836,1
105.931,1
PEREZ
845.18,2
145.293,0
103.995,1
104.108,1
104.545,1
103.1,1
102.157,1
102.36,1
102.796,1
103.038,1
102.949,1
103.449,1
103.357,1
102.535,1
101.654,1
102.492,1
102.556,1
102.463,1
101.863,1
101.751,1
101.442,1
101.675,1
101.677,1
101.856,1
101.771,1
100.531,2
121.479,0
99.905,1
99.561,1
99.778,1
99.494,1
99.42,1
99.63,1
99.62099,1
100.078,1
100.452,1
100.317,1
99.718,1
99.62199,1
99.439,1
98.716,1
98.908,1
98.954,1
99.26499,1
99.154,1
101.579,1
99.785,1
99.637,1
100.186,1
100.265,1
100.039,1
MALDONADO
786.21,2
61.168,0
104.049,1
104.58,1
103.764,1
103.187,1
102.89,1
103.271,1
105.785,1
102.824,1
102.881,1
103.803,1
104.47,1
103.855,1
103.448,1
102.517,1
102.582,1
102.498,1
102.324,1
102.189,1
102.163,1
101.935,1
102.115,1
102.122,1
101.953,1
100.357,2
120.096,0
100.352,1
100.325,1
100.926,1
101.053,1
100.875,1
100.851,1
100.909,1
101.009,1
100.867,1
100.927,1
100.833,1
100.78,1
100.907,1
101.055,1
101.086,1
101.753,1
100.927,1
101.091,1
100.708,1
100.877,1
100.314,1
105.659,1
ALONSO
786.18,2
61.188,0
103.758,1
101.381,1
100.988,1
101.295,1
101.659,1
100.959,1
100.672,1
100.291,1
100.576,1
100.303,1
100.388,1
100.789,1
100.514,1
100.402,1
100.404,1
100.68,1
100.914,1
101.18,1
100.689,1
100.564,1
101.306,1
101.001,1
100.083,2
125.327,0
99.638,1
99.446,1
99.333,1
99.69199,1
99.569,1
99.074,1
99.277,1
99.181,1
99.149,1
99.248,1
99.615,1
98.684,1
99.385,1
99.361,1
99.239,1
99.465,1
99.012,1
99.173,1
99.278,1
98.927,1
101.526,1
99.62499,1
99.486,1
99.23399,1
99.396,1
98.58701,1
BIANCHI
786.1,2
61.268,0
104.1,1
104.37,1
103.95,1
103.325,1
102.62,1
104.053,1
104.239,1
102.936,1
104.305,1
104.379,1
103.577,1
104.687,1
103.246,1
103.987,1
104.007,1
103.326,1
102.874,1
102.56,1
102.545,1
102.184,1
101.934,1
102.384,1
102.124,1
102.261,1
102.765,1
105.001,1
101.3,2
123.644,0
100.635,1
100.361,1
100.56,1
100.502,1
100.714,1
101.407,1
102.07,1
100.821,1
100.909,1
100.372,1
100.444,1
102.647,1
100.179,1
100.928,1
102.664,1
101.847,1
101.01,1
105.021,1
100.868,1
100.674,1
99.961,1
MASSA
MAGNUSSEN
785.54,2
61.398,0
102.406,1
101.51,1
101.663,1
101.421,1
101.431,1
101.127,1
101.031,1
101.079,1
101.221,1
101.188,1
101.454,1
101.383,1
101.848,1
101.039,1
101.189,1
101.158,1
100.989,1
101.267,1
101.086,1
100.721,1
100.867,1
100.853,1
101.989,1
101.453,1
100.259,2
119.274,0
99.063,1
100.024,1
99.45901,1
98.677,1
99.038,1
100.149,1
99.22299,1
99.391,1
99.285,1
99.51701,1
99.895,1
99.513,1
98.938,1
98.899,1
99.08,1
99.365,1
99.453,1
99.33,1
99.909,1
99.575,1
99.423,1
99.641,1
99.67599,1
99.36,1
GUTIERREZ
786.16,2
61.208,0
104.377,1
104.5,1
103.721,1
103.425,1
102.566,1
103.385,1
106.694,1
BUTTON
785.52,2
61.398,0
101.05,1
101.612,1
101.226,1
101.129,1
101.472,1
101.339,1
101.165,1
101.114,1
101.409,1
101.299,1
100.807,1
100.904,1
100.821,1
101.402,1
101.335,1
101.431,1
101.463,1
100.855,1
100.625,1
100.722,1
101.055,1
100.997,1
101.101,1
100.466,1
101.071,1
99.555,2
119.422,0
99.743,1
99.597,1
99.128,1
99.17599,1
99.238,1
98.67,1
98.87901,1
99.049,1
98.62,1
99.203,1
99,1
98.677,1
98.584,1
99.29199,1
98.79499,1
98.895,1
99.173,1
99.077,1
99.215,1
98.529,1
98.473,1
98.329,1
98.284,1
VERGNE
786.34,2
61.068,0
104.22,1
103.912,1
102.612,1
103.078,1
102.825,1
103.161,1
102.984,1
102.902,1
102.879,1
102.261,1
101.57,1
101.788,1
101.632,1
101.316,1
101.378,1
101.478,1
101.487,1
101.397,1
101.228,1
101.238,1
102.804,1
101.137,1
100.95,1
101.49,1
99.864,2
121.487,0
99.313,1
99.869,1
99.578,1
99.38801,1
99.661,1
100.093,1
99.686,1
101.556,1
100.907,1
99.475,1
100.194,1
99.897,1
99.58801,1
99.414,1
99.364,1
99.26099,1
99.433,1
99.672,1
99.637,1
99.425,1
99.551,1
101.306,1
100.062,1
KVYAT
786.05,2
61.298,0
103.456,1
102.185,1
102.117,1
102.674,1
102.058,1
102.272,1
102.51,1
102.398,1
102.584,1
102.052,1
102.113,1
101.288,2
120.741,0
100.069,1
100.411,1
101.269,1
100.401,1
100.579,1
100.301,1
100.599,1
101.171,1
100.673,1
100.116,1
100.374,1
100.544,1
100.607,1
100.664,1
100.934,1
100.781,1
100.192,1
100.761,1
100.253,1
99.211,2
120.254,0
99.31001,1
98.91801,1
99.154,1
99.15701,1
98.863,1
98.61,1
98.786,1
98.804,1
98.40701,1
98.915,1
99.468,1
98.94,1
98.805,1
99.09299,1
98.96,1
98.452,1
HULKENBERG
786.01,2
61.338,0
102.878,1
102.368,1
102.39,1
102.372,1
101.983,1
102.719,1
102.715,1
102.698,1
102.579,1
102.111,1
101.823,1
101.75,1
102.164,1
101.437,1
101.092,1
101.833,1
101.402,1
101.424,1
102.29,1
101.456,1
101.488,1
101.812,1
101.774,1
101.568,1
102.746,1
102.954,1
101.273,2
121.017,0
99.842,1
99.52,1
99.48,1
99.116,1
99.327,1
99.534,1
99.497,1
99.29099,1
99.584,1
99.47,1
99.19499,1
99.182,1
99.20399,1
99.34801,1
99.376,1
99.406,1
100.056,1
99.38701,1
99.077,1
98.98701,1
98.933,1
98.62499,1
HAMILTON
785.56,2
61.378,0
100.284,1
99.533,1
99.345,1
98.786,1
98.861,1
99.012,1
99.079,1
98.79399,1
99.012,1
99.433,1
98.954,1
98.76299,1
98.969,1
98.554,1
98.68,1
98.708,1
98.83701,1
98.935,1
98.718,1
98.79199,1
98.87701,1
97.583,2
119.839,0
97.17599,1
97.30701,1
97.62199,1
98.703,1
98.855,1
99.35001,1
99.329,1
98.80901,1
99.17599,1
98.277,1
98.59499,1
98.979,1
98.75,1
98.69499,1
99.02499,1
98.23199,2
120.06,0
97.72199,1
97.483,1
97.554,1
98.114,1
98.555,1
98.19099,1
97.85701,1
98.09399,1
98.145,1
98.78,1
BOTTAS
786.07,2
61.288,0
102.163,1
101.217,1
101.475,1
101.238,1
100.814,1
101.304,1
101.334,1
100.951,1
100.975,1
100.625,1
100.225,1
100.186,1
100.195,1
99.901,1
99.689,1
99.749,1
99.95,1
99.71999,1
99.671,1
99.564,1
99.743,1
99.601,1
99.767,1
99.582,1
99.48901,1
99.27399,1
99.427,1
100.325,1
99.363,2
118.086,0
98.27399,1
98.26399,1
98.279,1
98.541,1
99.031,1
98.45901,1
98.402,1
98.90701,1
98.53,1
98.37,1
98.464,1
98.345,1
99.089,1
99.212,1
98.95901,1
99.12599,1
99.342,1
99.238,1
99.282,1
99.97701,1
SUTIL
786.13,2
61.238,0
104.226,1
104.313,1
103.906,1
103.545,1
102.426,1
102.606,1
101.94,1
102.11,1
103.422,1
102.362,1
101.982,1
101.932,1
101.759,1
101.815,1
101.613,1
101.755,1
101.699,1
101.761,1
101.721,1
102.169,1
100.818,2
123.443,0
101.088,1
101.148,1
100.365,1
101.916,1
101.592,1
100.986,1
102.374,1
100.823,1
100.963,1
100.041,1
100.057,1
100.558,1
102.274,1
101.147,1
100.848,1
100.583,1
101.301,1
101.092,1
100.703,1
100.362,1
100.837,1
100.658,1
100.787,1
100.89,1
100.982,1
101.527,1
103.747,1
