VETTEL
860.4901,2
97.528,0
96.978,1
96.42,1
106.614,1
96.108,1
100.804,2
818.05,0
95.627,1
111.106,1
95.84701,1
104.603,2
1038.33,0
100.182,1
100.425,1
101.279,1
99.85701,1
99.73299,1
100.198,1
102.852,1
99.881,1
99.984,1
99.632,1
100.017,1
100.077,1
99.685,1
103.992,2
RICCIARDO
861.14,2
96.699,0
96.606,1
107.437,1
95.511,1
108.787,2
887.29,0
95.52599,1
111.958,1
97.38,2
985.05,2
CHILTON
843,2
102.032,0
101.452,1
101.377,1
100.625,1
100.254,1
99.862,1
117.231,2
1287.34,0
104.005,1
100.538,1
113.412,1
99.22399,1
114,2
930.63,2
137.316,0
103.74,1
103.238,1
103.086,1
103.232,1
103.212,1
104.134,1
104.422,1
103.518,1
105.056,1
104.117,1
105.762,1
116.175,2
ROSBERG
851.53,2
102.621,0
96.22199,1
115.129,1
95.645,1
117.568,1
95.698,1
101.038,2
833.9901,0
94.73599,1
112.122,2
636.98,2
132.54,0
99.56499,1
99.429,1
99.217,1
99.34,1
103.303,1
99.139,1
99.144,1
98.999,1
102.845,1
102.412,1
99.16299,1
101.854,1
99.508,1
99.756,1
104.879,1
101.357,1
98.75999,2
122.894,0
98.741,1
99.034,1
99.18999,1
98.405,2
RAIKKONEN
846.53,2
104.552,0
103.081,1
106.361,2
558.872,0
98.3,1
103.887,1
101.29,1
97.244,1
102.595,2
127.861,2
781,0
96.554,1
116.556,1
103.855,1
104.177,2
136.004,2
969.44,0
99.231,1
100.936,1
106.692,1
97.239,1
105.393,1
102.485,1
101.346,1
98.993,1
98.401,2
131.528,2
132.807,2
GROSJEAN
849.24,2
98.521,0
97.97,1
101.006,1
98.445,1
98.441,1
110.316,2
629.69,0
98.19599,1
98.76299,1
119.353,2
690.33,0
97.097,1
105.781,1
99.83801,1
101.598,2
664.66,0
103.344,1
103.882,1
107.424,1
102.676,1
102.204,1
102.225,1
102.048,1
103.864,1
104.649,1
103.24,2
123.856,0
101.701,1
101.463,1
101.464,1
100.917,1
105.053,2
ERICSSON
844.17,2
104.759,0
103.277,1
100.862,1
109.362,1
102.195,1
103.888,1
102.21,2
716.48,0
99.76199,1
107.131,1
100.082,1
101.478,2
1084.88,0
104.198,1
104.717,1
104.82,1
104.794,1
104.566,1
104.337,1
KOBAYASHI
843.52,2
107.227,0
103.275,1
102.157,1
108.559,1
112.171,1
100.816,1
104.552,2
1329.85,0
104.724,1
101.094,1
103.327,1
106.012,1
100.765,1
108.215,2
561.083,0
99.068,1
114.639,1
99.25999,1
104.363,2
550.852,0
105.374,1
105.887,1
106.203,1
104.969,1
106.68,1
104.191,1
104.383,1
103.443,2
125.738,0
108.956,2
PEREZ
848.04,2
104.496,0
98.41701,1
103.375,1
98.94901,1
106.051,1
101.306,1
100.339,2
840.97,0
97.542,1
105.551,2
131.883,0
97.23599,1
102.012,2
751.75,0
101.512,1
102.815,1
101.909,1
103.005,1
101.759,1
101.626,1
101.312,1
101.604,1
101.294,1
101.295,1
101.262,1
100.753,1
101.323,1
100.177,2
130.409,0
101.604,1
100.674,1
102.266,1
100.291,1
100.399,1
100.636,1
101.59,2
MALDONADO
844.33,2
105.29,0
101.091,1
104.727,1
99.29299,1
99.366,1
107.432,2
630.9901,0
100.277,1
98.581,1
105.004,1
98.77499,1
106.928,2
642.03,0
97.064,1
107.973,1
104.964,1
101.093,2
780.22,0
102.954,1
102.445,1
102.326,1
101.871,1
101.874,1
101.47,1
101.32,1
102.05,1
105.31,1
103.086,1
102.248,1
101.651,1
102.399,1
102.115,1
102.362,1
111.472,2
ALONSO
850.06,2
96.02399,0
102.963,1
106.088,1
102.717,1
96.35101,1
108.692,2
133.468,2
148.737,2
1043.7,0
95.244,1
105.021,1
95.966,1
99.465,2
844.44,2
137.885,2
138.737,0
100.201,1
100.519,1
100.069,1
100.198,1
100.061,1
101.024,1
102.374,1
100.382,1
100.467,1
100.322,1
100.308,1
100.091,1
99.937,1
99.981,1
103.076,2
BIANCHI
846.11,2
102.501,0
117.804,1
119.006,2
919.52,0
100.022,2
274.255,0
98.671,1
110.126,1
98.658,1
103.041,2
MASSA
867.42,2
97.985,0
97.207,1
103.839,1
96.913,1
104.591,1
100.963,1
100.563,2
590.729,0
96.671,1
109.062,1
104.067,1
96.72299,1
108.127,1
99.035,2
131.746,2
527.018,2
132.8,0
101.056,1
100.688,1
100.942,1
106.517,1
100.471,1
100.354,1
100.064,1
104.994,1
100.368,1
104.393,1
108.966,2
MAGNUSSEN
844.53,2
98.27,0
97.992,1
108.207,1
97.552,1
97.26399,1
107.344,1
97.116,1
102.222,2
980.11,0
96.641,1
105.064,1
96.797,1
105.179,1
96.299,1
103.879,1
102.458,2
873.63,0
102.674,1
101.888,1
101.946,1
102.074,1
101.608,1
101.668,1
101.087,1
101.055,1
101.169,1
103.092,1
103.363,1
102.665,1
101.647,1
102.446,1
104.293,1
104.163,1
115.515,2
GUTIERREZ
851.59,2
105.389,0
97.85801,1
115.162,1
107.426,2
686.44,0
96.951,1
119.361,1
97.444,1
105.175,2
820.08,0
103.619,2
144.323,0
101.618,1
101.726,1
101.494,1
102.375,1
101.392,1
101.22,1
101.416,1
101.633,1
101.61,1
101.33,1
101.891,1
101.333,1
101.865,1
101.369,2
124.581,0
100.6,1
100.365,1
102.929,1
101.18,1
100.94,1
100.263,1
99.916,2
BUTTON
844.31,2
97.608,0
101.97,1
97.414,1
105.265,1
97.485,1
109.717,1
102.359,2
1203.15,0
97.78999,1
103.634,1
97.368,1
102.508,2
313.777,2
134.148,0
96.228,1
108.929,1
104.021,2
637.92,0
101.229,1
100.975,1
101.156,1
100.959,1
100.72,1
100.633,1
105.99,1
102.094,1
101.749,1
100.677,1
100.625,1
100.432,1
100.624,1
101.158,1
108.919,2
VERGNE
844.14,2
97.77299,0
109.269,1
97.80801,1
109.035,2
788.52,0
98.05901,1
112.893,1
98.072,1
110.513,1
97.499,1
105.715,2
576.145,0
96.583,1
110.19,1
97.571,1
111.599,2
786.66,0
101.617,1
100.955,1
101.538,1
100.561,1
100.389,1
100.041,1
100.005,1
KVYAT
843.48,2
98.075,0
110.38,1
97.924,1
106.308,2
759.8,0
100.534,1
109.712,1
97.76099,1
104.17,2
621.02,0
96.778,1
117.581,1
108.07,1
96.87,1
108.921,1
101.136,2
642.14,2
134.109,0
101.911,1
100.919,1
100.987,1
100.823,1
100.857,1
101.118,1
100.811,1
100.877,1
102.864,2
633.48,0
99.33801,1
103.582,2
HULKENBERG
843.38,2
104.667,0
99.332,1
99.971,1
112.822,1
98.71999,1
105.955,2
127.745,0
99.01,1
101.425,2
951.75,0
97.44901,1
108.894,1
97.684,1
103.048,2
628.56,0
102.639,1
101.79,1
101.716,1
102.26,1
102.014,1
101.936,1
101.551,1
102.062,1
100.714,2
1333.75,0
101.262,2
HAMILTON
852.22,2
105.789,0
96.69399,1
111.786,1
95.424,1
121.964,2
1043.4,0
94.508,1
123.22,1
102.86,1
111.311,1
94.66,2
665.85,2
BOTTAS
842.59,2
99.032,0
103.518,1
98.285,1
100.912,1
97.363,1
98.27599,1
97.97701,1
101.447,2
577.322,0
97.647,1
97.354,1
97.313,1
99.644,2
593.309,0
105.277,1
96.016,1
105.881,1
97.576,1
101.944,2
139.299,2
591.093,2
129.346,0
101.424,1
101.544,1
100.927,1
101.013,1
101.095,1
101.394,1
104.118,1
107.672,1
104.511,1
110.243,2
SUTIL
843.3,2
105.225,0
99.583,1
112.941,1
99.045,1
116.057,2
1050.89,0
109.18,1
98.745,1
122.767,1
100.9,2
764.19,0
97.52,1
127.606,1
98.966,1
108.614,2
1001.64,0
99.576,1
103.976,1
99.015,1
107.973,1
99.12399,1
117.848,1
99.055,1
127.555,2
