VETTEL
606.12,2
1510.56,0
114.162,1
112.522,1
113.548,2
637.1,2
RICCIARDO
607.42,2
1153.78,0
112.631,1
115.55,2
884.71,0
115.583,2
CHILTON
603.46,2
ROSBERG
607.26,2
214.29,2
612.53,0
113.275,2
RAIKKONEN
605.59,2
114.632,2
1234.26,0
114.558,1
123.804,2
GROSJEAN
603.31,2
1346.29,0
114.305,1
115.92,1
113.566,1
127.496,2
ERICSSON
602.34,2
697.38,0
117.091,1
119.502,1
119.402,2
2136.87,0
119.533,1
118.361,1
117.761,1
132.198,2
KOBAYASHI
607.47,2
386.223,0
119.947,1
117.914,1
128.683,2
2113.7,0
120.725,1
121.016,1
120.078,1
123.745,2
PEREZ
603.48,2
1538.37,0
116.918,1
114.799,2
1188.5,0
119.185,1
126.163,2
MALDONADO
602.56,2
1238.77,0
114.763,1
114.55,1
125.029,1
115.689,1
120.089,1
113.475,1
113.044,1
121.632,2
ALONSO
607.04,2
137.941,2
1465.26,0
131.521,2
BIANCHI
602.4301,2
876.02,0
117.566,1
131.749,2
1170.11,0
MASSA
606.28,2
2768.68,0
115.003,1
122.172,2
MAGNUSSEN
605.52,2
993.16,0
114.092,1
113.911,1
116.794,2
GUTIERREZ
604.11,2
1733.12,0
119.976,1
118.311,1
117.733,1
123.632,1
117.306,1
119.481,2
640.73,0
116.274,1
117.23,1
114.761,1
111.889,2
BUTTON
602.31,2
123.961,2
1349.25,0
114.799,1
114.041,1
131.044,2
VERGNE
604.29,2
747.14,0
115.236,1
115.232,1
114.602,1
123.925,2
KVYAT
604.08,2
728.55,0
116.404,1
123.279,1
114.657,1
114.776,1
121.506,2
1320.74,0
120.598,1
114.345,1
120.56,1
113.794,1
122.694,1
113.654,1
118.669,2
HULKENBERG
604.05,2
1474.6,0
115.688,1
116.488,2
1189.76,0
118.494,2
HAMILTON
609.31,2
190.841,2
177.096,2
1193.03,0
112.426,2
BOTTAS
602.59,2
2925.12,0
114.217,1
116.468,2
SUTIL
602.21,2
1894.19,0
115.932,1
114.297,1
123.521,1
126.064,2
691.85,0
115.323,1
121.572,1
113.585,1
114.025,1
121.96,2
