VETTEL
1086.04,2
102.34,0
102.498,1
102.353,1
102.127,1
102.234,1
102.594,1
102.777,1
102.991,1
103.008,1
103.059,1
103.212,1
103.45,1
103.183,1
104.129,1
106.407,2
120.896,0
99.312,1
101.006,1
99.952,1
100.225,1
101.078,1
101.336,1
101.783,1
101.27,1
101.242,1
101.103,1
101.619,1
101.198,1
101.853,1
102.057,1
102.205,1
102.931,1
105.842,2
123.224,0
100.264,1
99.866,1
99.815,1
99.94901,1
99.784,1
119.026,1
123.421,1
112.832,1
146.529,1
140.413,1
139.844,1
100.817,1
99.85801,1
100.289,1
100.406,1
100.563,1
100.861,1
100.517,1
100.476,1
100.662,1
101.065,1
100.024,1
RICCIARDO
1086.05,2
102.582,0
102.421,1
102.567,1
102.252,1
102.386,1
103.049,1
102.933,1
103.655,1
103.147,1
102.986,1
101.971,1
102.568,1
102.888,1
103.058,1
102.544,1
102.589,1
105.627,2
121.606,0
100.383,1
100.604,1
100.448,1
100.65,1
100.661,1
101.163,1
101.616,1
102.402,1
102.218,1
102.688,1
102.093,1
102.032,1
102.126,1
101.948,1
102.615,1
105.047,2
119.885,0
99.29399,1
99.269,1
99.56599,1
99.316,1
118.526,1
123.061,1
116.187,1
143.46,1
141.132,1
138.54,1
100.657,1
100.189,1
99.872,1
99.80901,1
100.448,1
100.855,1
99.73499,1
99.43,1
99.709,1
99.299,1
99.703,1
CHILTON
1086.09,2
105.549,0
104.414,1
103.675,1
103.988,1
105.005,1
104.776,1
103.906,1
104.116,1
104.385,1
107.946,2
123.837,0
102.627,1
102.305,1
102.63,1
102.806,1
103.008,1
103.402,1
103.362,1
103.489,1
104.586,1
103.786,1
103.886,1
103.974,1
104.422,1
104.567,1
104.449,1
108.259,2
125.439,0
101.831,1
102.13,1
103.075,1
102.882,1
102.926,1
103.015,1
103.922,1
102.506,1
102.549,1
103.01,1
119.645,2
144.624,0
109.686,1
109.945,1
107.474,1
104.377,1
115.246,1
102.169,1
101.825,1
102.168,1
102.38,1
102.257,1
102.579,1
102.237,1
102.829,1
102.582,1
101.945,1
107.863,1
ROSBERG
1085.59,2
100.938,0
100.566,1
100.872,1
100.978,1
100.985,1
100.888,1
100.823,1
100.989,1
100.994,1
101.306,1
101.336,1
101.398,1
101.851,1
101.671,1
101.494,1
101.455,1
102.587,1
103.965,1
101.442,1
104.439,2
121.019,0
99.886,1
100.178,1
100.227,1
100.367,1
100.285,1
100.325,1
100.443,1
100.262,1
100.412,1
100.487,1
100.17,1
100.367,1
100.288,1
100.536,1
100.356,1
100.446,1
100.12,1
100.535,1
107.842,2
152.295,0
146.05,1
153.717,1
141.868,1
141.446,1
98.104,1
97.80801,1
97.02,1
97.374,1
97.80801,1
99.494,1
99.52599,1
98.12499,1
97.898,1
97.822,1
98.45801,1
RAIKKONEN
1086.04,2
102.267,0
102.272,1
102.249,1
102.105,1
102.285,1
102.681,1
102.965,1
102.733,1
103.061,1
103.203,1
103.171,1
106.504,2
121.948,0
100.145,1
101.788,1
100.982,1
102.383,1
101.613,1
101.333,1
101.977,1
101.123,1
101.21,1
102.551,1
102.682,1
102.059,1
102.249,1
102.18,1
102.654,1
101.974,1
102.246,1
104.443,1
106.576,2
121.554,0
99.438,1
99.836,1
101.545,1
101.748,1
100.913,1
100.509,1
122.12,2
140.885,0
115.925,1
118.875,1
141.769,1
136.286,1
101.22,1
101.296,1
101.366,1
101.273,1
100.038,1
100.001,1
99.881,1
100.148,1
100.004,1
100.559,1
100.943,1
GROSJEAN
1086.09,2
104.332,0
102.079,1
102.627,1
102.465,1
103.282,1
103.003,1
104.173,1
103.289,1
103.579,1
103.655,1
103.926,1
106.395,2
123.202,0
101.294,1
101.494,1
101.626,1
101.868,1
101.718,1
102.104,1
101.956,1
102.042,1
102.033,1
102.081,1
102.441,1
102.286,1
102.563,1
105.789,2
121.653,0
100.943,1
100.413,1
100.467,1
100.881,1
101.114,1
101.244,1
101.497,1
104.529,2
121.611,0
99.443,1
106.778,1
123.297,1
115.627,1
109.071,1
113.522,1
141.779,1
135.41,1
101.898,1
101.302,1
101.351,1
101.346,1
101.164,1
100.76,1
101.182,1
101.789,1
101.142,1
101.56,1
102.171,1
ERICSSON
1086.09,2
104.431,0
104.076,1
103.874,1
104.745,1
103.922,1
104.02,1
104.524,1
104.406,1
105.021,1
108.497,2
124.562,0
102.476,1
102.326,1
102.661,1
102.707,1
103.044,1
103.487,1
105.073,1
104.434,1
104.369,1
104.13,1
104.378,1
105.258,1
105.428,1
108.398,2
123.869,0
101.134,1
101.697,1
101.718,1
102.235,1
102.26,1
102.195,1
KOBAYASHI
1086.09,2
105.236,0
103.724,1
103.833,1
103.191,1
103.261,1
103.407,1
103.553,1
103.94,1
104.057,1
104.277,1
104.843,1
105.069,1
105.998,1
108.056,2
125.956,0
101.246,1
102.003,1
102.575,1
102.375,1
102.495,1
102.722,1
102.677,1
103.418,1
103.186,1
103.441,1
103.419,1
103.487,1
104.305,1
103.879,1
103.623,1
103.979,1
103.776,1
104.13,1
107.179,2
126.166,0
101.844,1
102.417,1
102.376,1
116.262,1
127.597,1
126.723,1
114.946,1
106.376,1
104.706,1
115.964,1
104.077,1
103.444,1
106.384,1
105.769,1
104.268,1
105.331,1
104.877,1
104.624,1
106.054,1
106.725,1
107.894,1
PEREZ
1086.01,2
101.131,0
101.549,1
101.512,1
101.43,1
102.072,1
102.452,1
102.255,1
102.432,1
102.61,1
102.789,1
103.598,1
103.53,1
103.018,1
102.953,1
106.155,2
121.025,0
100.186,1
100.292,1
100.105,1
100.4,1
100.582,1
100.734,1
101.548,1
102.253,1
102.401,1
101.915,1
101.796,1
101.321,1
101.138,1
101.203,1
101.491,1
101.448,1
104.586,2
119.773,0
99.32,1
99.597,1
99.894,1
99.82,1
100.484,1
118.32,1
125.145,1
118.486,1
152.962,1
140.454,1
141.864,1
100.741,1
100.06,1
99.8,1
99.80901,1
100.035,1
100.112,1
100.032,1
99.927,1
100.097,1
100.166,1
100.345,1
MALDONADO
1086.06,2
103.605,0
102.853,1
102.946,1
102.661,1
103.179,1
103.182,1
103.465,1
103.104,1
103.348,1
103.374,1
103.619,1
103.649,1
103.672,1
104.035,1
104.078,1
104.95,1
104.68,1
107.299,2
121.556,0
100.17,1
101.122,1
101.326,1
101.101,1
102.034,1
101.77,1
101.796,1
101.813,1
101.609,1
101.758,1
101.71,1
101.754,1
102.024,1
101.77,1
101.995,1
102.358,1
102.358,1
102.182,1
105.975,2
140.719,2
153.398,0
136.97,1
111.18,1
100.678,1
101.614,1
128.919,1
104.445,2
129.088,0
100.956,1
100.27,1
99.72499,1
99.66599,1
100.661,1
99.894,1
100.145,1
100.197,1
99.845,1
ALONSO
1086.02,2
102.061,0
101.917,1
101.994,1
103.054,1
102.533,1
102.639,1
102.328,1
102.667,1
103.047,1
102.879,1
105.825,2
121.597,0
100.599,1
100.655,1
101.283,1
101.5,1
101.565,1
102.78,1
101.719,1
101.356,1
101.478,1
101.824,1
101.916,1
101.949,1
102.017,1
102.444,1
104.754,2
120.203,0
99.923,1
100.326,1
100.368,1
100.503,1
100.602,1
100.96,1
100.951,1
100.99,1
100.608,1
101.084,1
100.736,1
121.327,2
142.95,0
108.283,1
142.407,1
141.656,1
137.185,1
101.28,1
101.531,1
101.188,1
100.006,1
99.75999,1
99.875,1
99.73199,1
100.762,1
100.553,1
101.125,1
100.688,1
BIANCHI
1086.07,2
103.78,0
103.286,1
104.009,1
103.861,1
103.504,1
103.972,1
103.73,1
104.349,1
108.048,2
124.368,0
103.01,1
140.817,2
131.812,0
103.617,1
110.207,1
105.803,1
111.326,2
120.569,0
104.563,1
104.424,1
104.572,1
106.132,1
104.735,1
104.875,1
104.711,1
105.855,1
105.438,1
106.566,1
106.587,1
108.9,2
126.212,0
102.661,1
103.148,1
103.463,1
105.631,1
104.902,1
103.262,1
120.018,1
126.736,2
126.8,0
109.012,1
102.727,1
102.175,1
106.393,1
103.804,1
103.926,1
103.486,1
103.859,1
103.72,1
103.423,1
103.268,1
104.671,1
106.089,1
105.454,1
104.944,1
MASSA
1085.59,2
101.241,0
101.384,1
101.507,1
101.902,1
102.071,1
102.334,1
102.322,1
102.446,1
102.653,1
103.089,1
105.072,1
106.713,2
120.788,0
100.86,1
101.191,1
101.074,1
100.656,1
100.643,1
101.018,1
100.81,1
101.159,1
101.673,1
101.827,1
102.668,1
102.477,1
102.118,1
106.906,2
120.775,0
99.66499,1
100.211,1
99.85701,1
100.118,1
100.695,1
100.471,1
100.845,1
100.41,1
103.376,2
119.057,0
99.272,1
119.661,1
123.726,1
114.117,1
143.308,1
141.023,1
138.299,1
101.248,1
99.897,1
100.04,1
100.136,1
100.384,1
100.891,1
100.367,1
100.513,1
100.54,1
101.527,1
100.57,1
MAGNUSSEN
1086.04,2
102.533,0
102.391,1
102.465,1
102.213,1
102.475,1
103.052,1
103.017,1
103.376,1
103.378,1
104.985,1
104.676,1
104.501,1
107.608,2
122.298,0
101.624,1
101.527,1
101.543,1
101.387,1
101.003,1
100.774,1
100.954,1
101.391,1
102.31,1
104.566,2
120.521,0
100.298,1
100.578,1
100.757,1
101.115,1
100.806,1
101.013,1
102.322,1
101.075,1
101.329,1
102.589,1
102.019,1
104.917,2
120.414,0
100.108,1
GUTIERREZ
1086.06,2
103.23,0
102.893,1
102.889,1
103.249,1
104.414,1
103.461,1
103.319,1
103.553,1
103.825,1
104.28,1
108.755,2
122.167,0
100.99,1
102.033,1
101.762,1
101.959,1
102.083,1
103.342,1
102.339,1
102.48,1
102.756,1
102.847,1
103.424,1
103.308,1
104.147,1
106.65,2
122.52,0
101.014,1
103.156,1
101.124,1
100.698,1
101.203,1
101.431,1
103.696,1
101.283,1
101.488,1
101.828,1
102.682,1
BUTTON
1086.02,2
101.953,0
101.754,1
101.585,1
101.797,1
102.017,1
102.371,1
102.677,1
102.752,1
102.6,1
102.569,1
103.2,1
103.402,1
103.482,1
103.507,1
103.846,1
105.97,2
120.999,0
100.69,1
100.614,1
100.689,1
101.063,1
101.023,1
101.124,1
100.91,1
101.71,1
100.767,1
101.38,1
101.275,1
101.242,1
101.08,1
101.336,1
101.408,1
101.518,1
104.279,2
120.104,0
99.56499,1
100.035,1
99.97,1
100.569,1
118.573,1
123.447,1
115.919,1
152.57,1
140.098,1
140.524,1
102.323,1
102.354,1
101.175,1
101.766,1
101.73,1
100.709,1
100.131,1
100.27,1
140.85,2
VERGNE
1086.46,2
132.49,0
102.541,1
103.507,1
103.624,1
103.405,1
104.07,1
103.759,1
104.061,1
106.436,1
104.12,1
104.256,1
104.368,1
107.361,2
124.286,0
101.65,1
103.061,1
105.282,2
KVYAT
1086.05,2
102.624,0
102.381,1
102.711,1
102.445,1
102.634,1
102.929,1
102.857,1
103.797,1
106.071,2
121.863,0
100.16,1
101.191,1
101.806,1
101.718,1
101.976,1
103.083,1
102.384,1
104.254,1
102.595,1
102.877,1
102.489,1
102.768,1
104.998,2
123.019,0
101.648,1
101.716,1
101.57,1
102.103,1
101.691,1
101.915,1
102.39,1
102.089,1
101.902,1
101.569,1
101.26,1
101.409,1
101.777,1
104.2,2
127.457,0
124.016,1
115.083,1
108.29,1
114.236,1
141.598,1
136.01,1
101.472,1
101.112,1
101.306,1
101.764,1
101.119,1
101.026,1
101.085,1
101.349,1
101.221,1
101.19,1
101.605,1
HULKENBERG
1086.03,2
102.12,0
102.081,1
101.92,1
101.449,1
101.993,1
101.97,1
102.415,1
102.657,1
102.712,1
102.545,1
103.045,1
103.403,1
103.554,1
106.353,2
119.745,0
99.468,1
100.59,1
100.28,1
99.84,1
100.416,1
100.54,1
100.727,1
101.86,1
102.332,1
103.312,1
102.066,1
102.326,1
101.046,1
101.173,1
101.139,1
101.869,1
101.833,1
101.703,1
104.978,2
119.617,0
98.785,1
99.516,1
99.552,1
99.924,1
116.666,1
125.655,1
118.99,1
152.717,1
140.402,1
140.924,1
101.05,1
100.35,1
99.92,1
100.302,1
100.529,1
100.79,1
101.042,1
100.222,1
100.368,1
100.545,1
100.314,1
HAMILTON
1085.58,2
100.928,0
100.627,1
100.544,1
100.78,1
101.025,1
100.839,1
100.945,1
100.842,1
101.182,1
101.174,1
101.377,1
101.421,1
101.751,1
102.002,1
101.775,1
101.802,1
102.621,1
106.545,2
119.311,0
99.76499,1
99.66599,1
100.357,1
99.743,1
99.80901,1
100.042,1
100.045,1
100.098,1
100.25,1
100.141,1
100.176,1
99.79299,1
100.25,1
99.93,1
99.915,1
100.267,1
100.185,1
100.341,1
100.12,1
100.796,1
103.783,2
164.955,0
145.687,1
153.582,1
142.046,1
142.278,1
98.037,1
97.306,1
97.108,1
97.656,1
97.855,1
99.481,1
99.277,1
97.941,1
97.923,1
97.79399,1
98.38701,1
BOTTAS
1086.01,2
101.493,0
101.676,1
101.538,1
101.738,1
102.197,1
102.543,1
102.847,1
102.835,1
108.066,2
121.274,0
100.421,1
101.039,1
100.831,1
101.984,1
101.172,1
101.256,1
100.679,1
101.138,1
101.32,1
101.145,1
101.409,1
101.611,1
101.918,1
105.469,2
121.154,0
100.343,1
100.035,1
100.323,1
100.03,1
102.82,1
101.713,1
101.598,1
100.653,1
101.014,1
101.347,1
100.713,1
100.569,1
100.759,1
103.949,2
140.344,0
122.601,1
112.206,1
143.091,1
141.455,1
137.76,1
101.287,1
100.394,1
100.001,1
99.76199,1
100.221,1
101.187,1
100.096,1
100.578,1
100.773,1
101.294,1
100.71,1
SUTIL
1086.09,2
105.388,0
103.936,1
103.944,1
104.074,1
104.71,1
107.797,2
123.813,0
101.791,1
102.068,1
102.741,1
103.368,1
237.745,2
139.565,0
107.011,1
105.573,1
105.641,2
