VETTEL
1374.25,2
108.115,0
129.825,1
108.041,1
126.051,2
RICCIARDO
1300.28,2
110.39,0
134.105,1
110.534,1
132.888,1
120.101,2
868.71,0
107.79,1
136.377,1
117.952,2
1115.96,0
112.515,1
112.495,1
113.291,1
122.703,1
112.849,1
112.907,1
116.771,1
113.46,1
123.26,1
113.362,1
113.789,1
114.786,1
114.941,1
123.118,2
145.802,0
112.99,1
CHILTON
1293.2,2
114.539,0
126.724,1
114.204,1
132.432,2
1212.12,0
111.558,1
121.691,1
118.902,1
122.118,2
1142.36,2
151.541,0
117.723,1
117.948,1
121.225,1
121.919,1
119.749,1
124.727,1
132.902,2
145.694,0
ROSBERG
1303.41,2
118.011,0
109.075,1
122.261,1
111.711,1
117.809,1
120.445,2
930.6,0
119.987,1
710.04,1
116.838,1
112.661,1
112.899,1
113.207,1
113.357,1
120.274,1
112.838,1
113.386,1
113.815,1
113.483,1
113.518,1
113.676,1
113.822,1
125.791,2
281.482,0
112.758,1
112.881,1
113.055,1
130.37,2
RAIKKONEN
1302.44,2
110.9,0
127.709,1
139.074,1
124.346,2
169.203,2
933.51,0
108.031,1
126.573,1
635.09,2
161.854,2
148.563,0
112.952,1
120.914,2
142.164,0
113.446,1
114.702,1
115.191,1
115.484,1
114.481,1
115.243,1
114.396,1
114.716,1
116.886,1
116.798,1
118.576,1
126.916,1
128.203,2
GROSJEAN
1299.56,2
113.895,0
111.976,1
121.749,1
117.676,1
114.57,1
112.396,1
135.106,2
891.95,0
109.062,1
124.823,1
666.11,1
114.374,1
113.384,1
114.145,1
114.397,1
114.858,1
117.309,1
117.612,1
115.508,1
115.816,1
116.632,1
119.349,1
125.721,2
138.792,0
120.361,1
116.129,1
118.139,1
116.53,1
117.713,1
117.279,1
129.013,2
ERICSSON
1293.12,2
115.411,0
126.144,1
114.882,1
125.153,1
116.989,1
123.114,1
116.163,1
135.984,2
754.38,0
115.453,1
124.524,1
116.373,1
135.451,2
762.58,0
112.936,1
125.483,1
129.45,1
113.481,1
132.494,2
599.068,0
119.73,1
118.865,1
119.393,1
121.981,1
121.764,1
127.004,1
119.751,1
122.569,1
119.984,1
154.085,2
KOBAYASHI
1294.42,2
130.312,0
115.4,1
136.87,1
123.568,1
121.457,1
116.261,1
130.452,2
967.41,0
112.075,1
135.739,1
112.44,1
130.982,2
634.21,0
117.358,1
116.417,1
120.236,1
117.952,1
117.763,1
117.769,1
119.246,1
118.091,1
123.675,1
122.926,1
121.304,1
119.233,1
130.227,2
143.506,0
119.534,1
118.291,1
120.288,1
118.252,1
143.779,2
PEREZ
1297.37,2
111.446,0
125.551,1
111.104,1
127.094,2
790.9901,0
108.653,1
127.092,1
124.729,2
1152.77,0
113.095,1
112.72,1
113.339,1
117.25,1
113.338,1
113.942,1
113.958,1
114.404,1
122.389,2
144.447,0
113.673,1
113.622,1
114.293,1
126.158,1
122.449,1
114.194,1
117.013,1
119.528,1
114.152,1
140.658,2
MALDONADO
1298.04,2
120.855,0
112.657,1
128.267,2
163.92,0
112.284,1
120.811,1
112.509,1
132.376,2
835.37,0
109.139,1
128.468,1
ALONSO
1306.01,2
109.387,0
133.748,1
129.966,1
109.373,1
133.258,2
168.026,2
152.279,2
148.215,2
1115.39,0
108.062,1
140.022,1
107.623,1
136.41,2
404.587,2
153.75,2
143.415,0
112.526,1
113.196,1
113.116,1
118.356,1
116.211,1
112.205,1
113.401,1
113.715,1
114.363,1
115.214,1
BIANCHI
1298.36,2
113.893,0
130.164,1
114.071,1
129.928,1
145.869,2
1319.6,0
110.612,1
976.12,2
146.647,0
117.632,1
117.703,1
117.741,1
131.243,2
143.551,0
115.324,1
121.869,1
116.354,1
118.542,1
116.495,1
125.319,1
116.973,1
139.046,2
MASSA
1306.06,2
110.894,0
132.687,1
111.22,1
129.457,2
159.516,2
703.07,0
109.361,1
134.651,1
868.58,2
147.97,0
113.389,1
113.954,1
114.016,1
114.456,1
115.052,1
122.964,2
137.684,0
114.817,1
115.137,1
115.605,1
118.114,1
117.682,1
115.641,1
115.917,1
116.282,1
117.276,1
137.822,2
MAGNUSSEN
1295.31,2
111.644,0
129.983,1
111.456,1
133.45,1
110.955,1
129.968,2
179.329,0
110.919,1
122.923,2
931.69,0
108.358,1
877.08,1
112.514,1
112.393,1
113.845,1
113.884,1
114.966,1
114.531,1
114.448,1
116.625,1
123.189,2
137.429,0
118.155,1
115.812,1
116.425,1
115.109,1
115.949,1
116.119,1
115.88,1
115.898,1
145.832,2
GUTIERREZ
1294.2,2
112.17,0
125.812,1
124.909,1
112.926,1
126.505,1
126.661,1
112.437,1
127.768,2
475.874,0
109.29,1
130.322,1
129.288,1
109.646,1
128.805,2
882.23,2
153.978,0
118.48,1
117.537,1
116.708,1
117.039,1
117.47,1
117.144,1
124.36,2
144.22,0
114.592,1
114.287,1
114.638,1
115.879,1
116.154,1
115.926,1
115.617,1
115.965,1
115.954,1
118.465,1
152.402,2
BUTTON
1295.25,2
111.91,0
130.078,1
111.108,1
128.208,2
208.934,0
119.45,1
110.933,1
133.202,2
148.901,0
110.784,1
132.162,2
855.17,0
529.025,1
108.435,1
139.26,2
574.8459,0
114.07,1
113.439,1
113.78,1
115.798,1
113.55,1
122.201,2
146.484,0
116.066,1
114.782,1
120.079,1
115.59,1
144.6,2
VERGNE
1298.33,2
110.961,0
130.951,1
114.888,1
124.617,1
110.606,1
127.495,1
128.257,1
121.676,2
819.57,0
108.8,1
126.699,1
108.837,1
802.7,2
150.685,0
113.534,1
113.286,1
113.221,1
116.432,1
114.087,1
112.825,1
114.134,1
115.872,1
115.124,1
117.776,1
115.535,1
114.56,1
114.957,1
124.771,2
151.243,0
113.84,1
134.732,2
KVYAT
1298.26,2
111.723,0
130.676,1
111.223,1
122.776,1
110.953,1
127.146,2
1003.28,0
108.77,1
131.186,1
109.549,1
807.12,2
148.307,0
114.287,1
114.444,1
114.399,1
114.393,1
115.092,1
133.596,1
115.684,1
115.6,1
117.701,1
125.774,2
138.146,0
114.32,1
114.565,1
116.513,1
116.54,1
112.959,1
121.554,2
HULKENBERG
1297.45,2
111.621,0
122.751,1
111.964,1
128.815,2
974.07,0
108.751,1
124.849,1
122.874,2
891.8,0
113.711,1
115.471,1
114.26,1
113.863,1
114.116,1
114.024,1
114.679,1
115.791,1
122.273,1
115.382,1
126.844,2
135.589,0
114.433,1
114.666,1
115.393,1
114.682,1
114.726,1
120.962,1
118.034,1
114.778,1
133.61,2
HAMILTON
1302.53,2
121.987,0
110.139,1
133.516,1
129.431,2
791.51,0
109.644,1
121.176,2
840.6,0
107.49,1
125.659,2
553.406,2
182.232,0
112.239,1
117.613,1
112.962,1
117.68,1
112.513,1
112.66,1
121.956,1
112.883,1
113.696,1
123.883,2
134.938,0
BOTTAS
1313.07,2
110.421,0
120.405,1
112.07,1
122.724,2
442.055,0
110.014,1
125.569,1
109.971,1
740.98,2
150.411,0
113.649,1
123.591,2
142.464,0
123.04,2
142.34,0
114.53,1
115.259,1
115.059,1
115.329,1
117.103,1
124.623,1
115.984,1
119.314,1
117.261,1
126.593,2
173.801,2
SUTIL
1294.49,2
129.416,0
112.255,1
129.879,1
123.745,1
112.105,1
130.295,2
747.97,0
109.17,1
130.53,1
128.282,1
110.046,1
127.525,2
813.82,0
113.43,1
114.406,1
115.345,1
115.502,1
115.043,1
114.841,1
115.875,1
115.954,1
116.661,1
116.638,1
126.363,2
157.802,0
115.266,1
127.792,1
116.372,1
117.744,1
120.167,1
116.037,1
116.277,1
144.099,2
