RICCIARDO
846.2,2
87.306,0
100.62,1
232.695,2
2002.86,0
86.22199,1
100.434,2
580.5941,0
88.371,1
88.76199,1
88.826,1
89.66,1
89.23599,1
90.073,1
89.472,1
90.045,1
89.395,1
89.413,1
89.627,1
89.189,1
89.148,1
89.09599,1
88.96,1
89.13,1
89.667,1
89.697,1
95.187,2
VETTEL
844.28,2
86.548,0
86.654,1
106.937,1
86.252,1
112.901,2
852.58,0
85.13599,1
101.39,1
85.038,1
102.407,2
153.827,2
1214.98,2
133.084,2
124.414,0
88.514,1
88.116,1
93.825,2
110.105,0
88.966,1
88.769,1
88.72499,1
88.681,1
88.45701,1
88.548,1
88.861,1
88.643,1
88.73199,1
88.839,1
88.702,1
88.727,1
88.703,1
88.828,1
89.067,1
89.137,1
95.80701,2
ROSBERG
852.38,2
85.617,0
90.644,1
85.451,1
92.06499,1
93.23199,1
91.368,2
1115.4,0
84.3,1
105.348,1
84.68999,1
96.09399,2
748.2,2
147.543,0
87.812,1
88.02399,1
87.901,1
87.978,1
88.23499,1
87.074,1
87.564,1
88.26099,1
90.111,1
88.398,1
88.91901,1
88.314,1
91.255,1
88.1,1
88.20499,1
93.909,2
114.823,0
91.21,1
87.69399,1
87.944,1
RAIKKONEN
843.06,2
86.684,0
96.62399,1
86.616,1
101.912,2
1012.46,0
85.562,1
101.463,1
89.18,1
85.38,1
99.362,2
982.17,2
139.971,2
128.102,0
89.345,1
89.169,1
88.874,1
95.078,2
117.295,2
129.493,0
88.12199,1
88.382,1
88.55801,1
88.286,1
88.70499,1
88.5,1
88.179,1
88.45801,1
89.05,1
88.278,1
89.569,1
88.583,1
88.675,1
88.70599,1
88.944,1
89.19099,1
88.573,1
88.788,1
106.213,2
GROSJEAN
847.33,2
87.893,0
87.012,1
93.65,1
87.63599,1
87.31801,1
92.354,1
96.804,1
104.565,2
797.33,0
85.497,1
95.341,1
85.51701,1
100.096,1
91.30901,2
821.33,0
89.55701,1
88.92,1
89.08801,1
89.1,1
89.177,1
90.15701,1
91.29199,1
91.19199,1
91.001,1
90.66199,1
90.915,1
90.336,1
90.19099,1
90.393,1
90.253,1
90.334,1
90.59399,1
90.219,1
94.71,2
112.726,0
89.281,1
88.931,1
89.43,1
89.076,1
115.18,2
ERICSSON
846.4301,2
87.943,0
100.186,1
103.585,2
793.67,0
94.411,1
87.90701,1
102.788,2
1104.51,0
86.133,1
103.233,1
86.297,1
97.403,2
403.729,2
127.978,0
90.62099,1
91.28999,1
90.689,1
90.396,1
90.181,1
95.26399,2
142.962,0
89.48901,1
89.619,1
90.073,1
89.711,1
89.73499,1
89.549,1
89.66,1
89.85701,1
94.82,2
145.005,2
PEREZ
843.2,2
87.456,0
96.684,1
93.905,1
87.364,1
102.116,2
994.12,0
88.897,1
98.044,1
86.802,1
99.611,2
713.9301,0
85.546,1
95.343,1
85.278,1
103.222,2
754.28,0
89.285,1
88.991,1
88.70499,1
88.628,1
88.772,1
89.527,1
89.648,1
89.656,1
89.367,1
89.185,1
91.556,1
89.55901,1
89.478,1
89.728,1
90.189,1
90.684,1
96.909,2
NASR
858.21,2
87.41901,0
106.32,1
87.341,1
101.725,1
87.29199,1
102.665,2
484.564,0
86.114,1
105.993,1
86.18999,1
102.986,2
888.71,0
90.212,1
90.131,1
91.65,1
90.544,1
90.237,1
89.96,1
90.12099,1
90.254,1
95.312,2
636.74,0
88.925,1
89.01701,1
89.128,1
89.155,1
90.55801,1
90.38801,1
111.977,2
MALDONADO
849.53,2
87.239,0
97.497,1
86.507,1
96.95801,1
87.899,1
94.922,1
87.35201,1
95.314,1
87.555,1
107.865,2
808.53,0
85.513,1
101.649,1
85.779,1
95.315,1
86.117,1
107.124,2
595.748,0
89.80801,1
88.777,1
89.413,1
91.62,1
89.213,1
90.72499,1
90.019,1
90.38901,1
89.951,1
89.79099,1
90.113,1
90.602,1
90.74,1
90.999,1
90.637,1
90.69099,1
90.78999,1
91.599,1
98.38701,2
114.9,0
89.79499,1
111.14,2
ALONSO
841.59,2
803.41,0
88.62299,1
95.287,1
88.37901,1
95.402,1
88.082,1
101.186,2
878.73,0
86.966,1
97.04,1
87.285,1
105.54,2
1188.19,2
117.973,0
90.783,1
90.754,1
90.727,1
91.27499,1
91.12099,1
92.33801,1
91.685,1
91.28,1
90.893,1
95.55901,2
116.347,0
90.424,1
91.244,1
91.182,1
90.509,1
105.336,2
MASSA
857.4,2
120.698,0
86.475,1
97.95801,1
86.72499,1
100.936,2
539.711,0
93.097,1
103.497,1
85.891,1
113.8,2
940.07,2
124.695,0
88.364,1
88.18,1
92.618,2
111.051,0
89.063,1
89.202,1
89.038,1
88.91901,1
88.677,1
93.76099,1
88.895,1
89.047,1
89.769,1
89.59399,1
89.36,1
89.30701,1
89.644,1
111.15,2
BUTTON
866.4901,2
88.471,0
107.237,2
KVYAT
866.05,2
89.67,0
89.339,1
89.214,1
89.209,1
89.139,1
89.63599,1
89.874,1
89.395,1
89.473,1
89.804,1
89.864,1
89.328,1
89.454,1
89.52499,1
89.62599,1
102.58,2
1367.5,0
89.002,1
89.331,1
89.542,1
88.72299,1
88.811,1
88.939,1
88.911,1
91.04,1
89.038,1
94.314,2
HULKENBERG
844.18,2
87.049,0
93.368,1
86.439,1
99.584,2
826.35,0
85.71999,1
102.576,1
85.325,1
101,2
676.48,0
89.502,1
89.12,1
89.02399,1
88.984,1
88.679,1
89.213,1
88.88701,1
89.20599,1
89.228,1
90.73399,1
89.436,1
89.35801,1
89.463,1
89.334,1
89.62,1
89.59399,1
89.584,1
89.804,1
94.2,2
110.004,0
88.897,1
88.839,1
88.855,1
88.769,1
88.77499,1
88.898,1
89.429,1
88.554,1
89.28,1
90.943,1
88.612,1
97.48901,2
STEVENS
842.04,2
98.345,0
89.472,1
101.493,2
1028.62,0
93.62099,1
98.198,2
1160.14,0
88.782,1
97.839,1
88.201,1
99.16,2
648.17,0
92.683,1
92.375,1
92.44901,1
92.454,1
93.119,1
92.27399,1
91.976,1
93.445,1
92.52499,1
93.255,1
92.815,1
92.48801,1
92.59,1
92.66299,1
98.15701,2
128.043,2
VERSTAPPEN
846.54,2
88.486,0
101.202,1
98.892,1
87.771,1
100.178,1
87.64,1
99.823,2
778.13,0
86.454,1
97.385,1
119.039,2
1057.68,2
125.934,0
89.083,1
88.813,1
89.107,1
90.07,1
89.674,1
89.57,1
89.33,1
89.34901,1
89.29499,1
89.441,1
90.41801,1
89.66,1
89.481,1
90.435,1
95.33,2
111.682,0
89.051,1
89.34,1
89.44,1
89.409,1
89.28999,1
89.574,1
89.423,1
107.567,2
HAMILTON
852.35,2
85.683,0
98.408,1
85.285,1
94.37801,1
96.244,1
85.133,1
97.411,2
753.4301,0
84.279,1
102.964,1
84.369,1
102.393,2
876.04,2
144.225,0
87.927,1
87.643,1
88.62599,1
92.99,1
87.219,1
87.355,1
89.77399,1
87.98801,1
92.564,2
797.38,0
89.06,1
99.067,2
SAINZ
843.17,2
88.675,0
88.158,1
109.268,1
87.922,1
101.089,1
87.755,1
101.581,1
95.76099,2
383.229,0
86.72599,1
104.483,1
86.641,1
100.557,2
492.992,0
90.385,1
89.844,1
90.09,1
89.758,1
89.483,1
89.534,1
89.44701,1
90.508,1
89.582,1
89.08701,1
88.914,1
89.231,1
89.479,1
93.411,2
315.398,0
88.553,1
89.615,1
89.171,1
89.014,1
89.092,1
88.891,1
88.867,1
88.7,1
89.494,1
89.082,1
88.995,1
88.727,1
88.943,1
88.98901,1
89.09,1
89.19099,1
89.602,1
89.48,1
89.117,1
95.20399,2
BOTTAS
852.28,2
86.582,0
109.1,1
86.675,1
107.944,1
86.79199,1
97.738,2
127.555,2
595.329,0
96.106,1
85.647,1
96.42,2
941.46,2
125.486,0
88.59399,1
88.752,1
88.629,1
88.467,1
88.516,1
88.433,1
88.31701,1
88.212,1
88.897,1
89.327,1
88.825,1
89.12599,1
89.112,1
89.203,1
89.079,1
89.505,1
89.491,1
89.825,1
94.371,1
117.207,2
MERHI
842.25,2
90.186,0
99.05801,1
90.88801,1
98.51,2
1392.85,0
88.439,1
100.58,1
104.037,2
1707.47,0
92.39,1
92.641,1
92.154,1
93.37801,1
92.91,1
92.886,1
93.297,1
92.072,1
93.686,1
92.036,1
92.047,1
92.375,1
92.509,1
94.891,1
97.938,1
94.199,1
97.238,2
