VETTEL
845.06,2
106.756,0
105.961,1
105.4,1
104.496,1
104.31,1
104.552,1
104.034,1
137.406,2
144.21,0
134.685,1
140.014,1
133.835,1
99.752,1
98.283,1
94.045,1
92.645,1
91.156,1
90.772,1
90.182,1
89.901,1
90.074,1
108.959,1
124.62,1
129.977,1
129.726,1
90.414,1
89.52499,1
89.279,1
89.497,1
89.23399,1
91.99,1
95.209,2
107.969,0
89.55701,1
89.62099,1
89.555,1
89.506,1
89.471,1
89.49599,1
89.52499,1
91.23599,1
89.69599,1
89.128,1
89.014,1
89.003,1
89.078,1
89.01801,1
88.811,1
88.891,1
88.84701,1
88.74599,1
88.76199,1
89.131,1
88.986,1
88.77499,1
89.159,1
88.962,1
88.934,1
89.23299,1
89.02599,1
89.041,1
88.868,1
89.131,1
89.30901,1
89.363,1
89.785,1
89.615,1
90.371,1
90.049,1
RICCIARDO
845.09,2
108.031,0
107.106,1
105.903,1
105.834,1
105.028,1
104.657,1
106.59,2
132.221,0
133.979,1
134.248,1
139.879,1
135.598,1
97.648,1
97.22199,1
92.981,1
91.509,1
90.87701,1
90.053,1
89.686,1
89.48901,1
90.572,1
108.199,2
138.362,0
130.711,1
127.595,1
90.992,1
89.57,1
89.26599,1
89.26599,1
89.512,1
89.567,1
88.826,1
89.863,1
87.355,1
87.49599,1
87.72599,1
88.149,1
88.056,1
88.081,1
87.974,1
88.528,1
89.545,1
88.551,1
88.29099,1
88.345,1
88.685,1
88.367,1
88.394,1
88.668,1
88.504,1
88.69399,1
89.584,1
92.905,2
106.754,0
87.718,1
86.783,1
86.608,1
86.861,1
87.289,1
88.068,1
88.551,1
88.597,1
89.045,1
89.297,1
89.182,1
88.486,1
87.107,1
87.963,1
89.14,1
CHILTON
845.18,2
112.549,0
110.764,1
111.436,1
110.194,1
109.253,1
108.888,1
114.373,2
144.719,0
111.094,1
121.364,1
139.765,1
127.598,1
100.249,1
99.397,1
98.238,1
97.729,1
96.102,1
94.752,1
94.182,1
92.555,1
97.395,1
114.956,1
97.908,1
119.377,1
125.08,1
94.213,1
94.51,1
92.529,1
92.521,1
91.99,1
92.073,1
92.101,1
91.634,1
91.929,1
91.461,1
91.70399,1
91.84801,1
91.813,1
92.331,1
92.701,1
91.58,1
91.77599,1
91.38901,1
94.38801,2
110.645,0
89.499,1
89.545,1
89.701,1
89.545,1
89.634,1
89.925,1
91.97,1
92.903,1
91.212,1
91.54,1
90.647,1
90.63599,1
90.199,1
90.375,1
91.607,1
90.942,1
93.618,1
91.004,1
91.108,1
92.935,1
92.044,1
92.49,1
91.933,1
ROSBERG
845.03,2
105.177,0
104.422,1
104.232,1
103.566,1
103.046,1
104.303,1
102.447,1
146.958,2
143.803,0
134.365,1
139.58,1
135.661,1
99.743,1
98.944,1
93.98,1
92.567,1
91.101,1
90.462,1
90.09599,1
90.169,1
89.98701,1
109.557,1
123.765,1
130.729,1
129.733,1
89.99599,1
89.59499,1
89.26499,1
89.463,1
89.22499,1
92.683,2
108.167,0
89.045,1
87.642,1
88.978,1
89.51701,1
88.708,1
89.39,1
87.516,1
87.673,1
87.361,1
87.569,1
87.81001,1
87.76399,1
88.05901,1
88.37901,1
88.20499,1
88.442,1
88.16399,1
88.346,1
88.41901,1
88.631,1
88.908,1
89.26199,1
92.413,2
105.158,0
88.161,1
89.543,1
88.325,1
86.083,1
86.76599,1
86.019,1
85.72399,1
86.631,1
85.823,1
86.06599,1
86.73,1
88.384,1
89.653,1
RAIKKONEN
845.14,2
110.127,0
108.346,1
108.194,1
107.47,1
106.757,1
105.985,1
112.011,2
138.027,0
117.587,1
138.254,1
139.079,1
128.791,1
100.827,1
97.752,1
95.452,1
93.757,1
92.697,1
91.86,1
91.531,1
90.99599,1
90.813,1
115.094,1
113.078,1
129.055,1
126.461,1
92.127,1
90.658,1
91.399,1
90.502,1
88.87901,1
89.6,1
89.086,1
89.05801,1
89.09499,1
88.79299,1
89.279,1
89.051,1
89.498,1
89.298,1
92.19099,2
108.938,0
89.66299,1
88.62299,1
88.415,1
88.299,1
87.983,1
88.26299,1
88.041,1
88.082,1
88.312,1
88.647,1
88.533,1
88.19399,1
89.106,1
89.143,1
89.142,1
88.94,1
89.701,1
89.52499,1
89.046,1
88.555,1
88.998,1
89.56599,1
89.29299,1
88.978,1
88.93,1
89.053,1
89.44,1
90.29599,1
GROSJEAN
845.15,2
110.602,0
108.871,1
108.224,1
107.151,1
107.167,1
106.312,1
111.139,2
137.147,0
118.11,1
ERICSSON
845.19,2
112.407,0
112.128,1
110.196,1
109.65,1
108.459,1
109.255,1
KOBAYASHI
845.17,2
111.884,0
109.459,1
109.333,1
108.266,1
108.072,1
108.554,1
112.808,2
149.519,0
108.387,1
127.919,1
139.404,1
127.99,1
99.79399,1
98.28,1
97.30701,1
98.532,1
94.209,1
93.742,1
94,1
92.88801,1
97.592,1
113.951,1
102.223,1
PEREZ
845.13,2
109.018,0
108.317,1
106.988,1
107.146,1
106.723,1
106.031,1
109.161,2
134.722,0
124.372,1
136.882,1
138.627,1
132.614,1
100.067,1
98.22299,1
94.431,1
92.798,1
92.022,1
91.439,1
90.618,1
90.28,1
90.901,1
MALDONADO
845.18,2
112.237,0
110.897,1
111.845,1
109.658,1
106.176,1
111.98,1
114.582,2
135.055,0
107.619,1
131.487,1
139.428,1
128.125,1
100.321,1
98.116,1
97.521,1
117.094,2
127.2,0
93.951,1
93.208,1
94.342,1
107.957,1
113.814,1
96.05701,1
93.371,1
98.048,1
93.716,1
92.476,1
91.289,1
90.543,1
90.66199,1
91.405,1
90.589,1
91.433,1
89.915,1
90.104,1
89.924,1
90.23199,1
90.25,1
90.05701,1
89.901,1
90.129,1
93.646,2
107.914,0
89.128,1
89.546,1
89.27499,1
90.782,1
92.435,1
89.781,1
89.41801,1
89.71999,1
91.049,1
90.384,1
89.97701,1
90.175,1
90.1,1
90.181,1
89.647,1
90.864,1
89.189,1
89.571,1
89.478,1
89.494,1
89.455,1
89.53,1
89.87,1
90.134,1
90.514,1
90.606,1
ALONSO
845.07,2
107.768,0
105.939,1
105.187,1
105.415,1
104.18,1
103.824,1
104.992,1
135.334,2
144.573,0
134.885,1
139.935,1
132.961,1
99.067,1
97.77,1
92.83801,1
90.97701,1
90.643,1
90.599,1
90.325,1
89.901,1
90.439,1
108.774,1
125.224,1
131.458,1
130.151,1
89.536,1
89.081,1
88.75999,1
88.439,1
88.79099,1
88.62,1
88.62299,1
88.62599,1
88.755,1
88.80901,1
88.682,1
91.916,2
106.824,0
87.41901,1
88.289,1
88.759,1
88.31801,1
88.444,1
88.539,1
87.981,1
88.45901,1
88.34801,1
88.397,1
88.256,1
88.09599,1
88.408,1
88.482,1
88.423,1
88.281,1
88.35901,1
88.597,1
88.643,1
88.511,1
88.463,1
88.89,1
88.79599,1
88.70399,1
89.131,1
89.19199,1
89.132,1
89.175,1
91.015,1
89.247,1
89.602,1
BIANCHI
845.16,2
110.355,0
108.914,1
109.16,1
107.94,1
107.265,1
106.35,1
109.982,1
117.777,2
137.419,0
137.16,1
139.22,1
128.735,1
100.325,1
99.086,1
97.78,1
124.438,2
119.782,0
93.799,1
93.13,1
92.85801,1
109.263,1
114.264,1
95.29199,1
92.992,1
98.84,1
93.35101,1
93.151,1
93.181,1
91.41701,1
92.499,1
91.82,1
91.598,1
92.575,1
91.747,1
91.484,1
91.382,1
91.438,1
91.512,1
92.117,1
92.356,1
94.645,2
112.044,0
90.579,1
90.49599,1
91.883,1
90.395,1
90.092,1
89.883,1
90.046,1
90.008,1
90.144,1
91.571,1
90.715,1
93.239,1
92.48901,1
90.612,1
90.285,1
90.249,1
90.361,1
90.49599,1
91.23,1
91.27599,1
93.839,1
91.149,1
91.469,1
94.089,1
92.414,1
92.12499,1
MASSA
845.11,2
108.498,0
107.64,1
107.051,1
106.54,1
106.472,1
105.042,1
107.87,2
136.537,0
123.89,1
134.048,1
139.902,1
135.397,1
98.697,1
96.584,1
94.079,1
92.22299,1
91.47,1
90.728,1
90.12599,1
89.995,1
89.738,1
109.035,2
133.215,0
130.616,1
127.593,1
91.553,1
89.679,1
90.027,1
89.402,1
89.268,1
89.659,1
89.247,1
89.799,1
89.611,1
89.23499,1
88.983,1
89.073,1
89.35901,1
89.512,1
89.051,1
89.406,1
89.66499,1
89.515,1
92.243,2
107.558,0
88.31701,1
88.325,1
88.241,1
88.397,1
88.229,1
88.481,1
88.451,1
88.498,1
88.884,1
89.034,1
89.251,1
89.22399,1
89.73,1
88.653,1
89.41,1
88.55901,1
88.81701,1
89.569,1
89.182,1
88.89,1
88.88901,1
88.991,1
89.371,1
90.016,1
MAGNUSSEN
845.19,2
111.767,0
110.966,1
110.479,1
106.39,1
106.596,1
107.328,1
107.716,1
115.883,1
125.233,1
134.433,1
139.392,1
135.625,1
99.113,1
102.041,2
115.428,0
95.423,1
91.472,1
91.519,1
89.802,1
91.643,1
92.442,1
112.005,1
107.507,1
121.815,1
125.169,1
92.874,1
91.422,1
90.516,1
90.553,1
90.44,1
91.13599,1
89.905,1
89.834,1
89.829,1
89.828,1
89.65,1
90.139,1
92.895,2
108.615,0
88.883,1
89.3,1
89.64,1
89.414,1
89.38,1
89.021,1
89.29299,1
89.836,1
89.98801,1
90.612,1
90.467,1
89.77,1
89.614,1
89.912,1
90.02599,1
90.151,1
90.109,1
90.054,1
89.997,1
90.105,1
90.256,1
89.972,1
89.91701,1
89.803,1
90.2,1
90.335,1
90.803,1
91.356,1
91.961,1
92.91,1
GUTIERREZ
845.13,2
109.709,0
108.487,1
107.972,1
106.816,1
106.62,1
105.309,1
109.373,2
134.618,0
124.522,1
137.604,1
138.044,1
131.7,1
101.271,1
97.892,1
95.39,1
93.69499,1
92.71999,1
91.79299,1
91.23199,1
91.112,1
90.62499,1
112.327,1
114.911,1
129.627,1
127.243,1
91.913,1
90.856,1
90.485,1
92.786,1
96.004,1
100.119,2
BUTTON
845.08,2
107.832,0
107.013,1
106.187,1
105.641,1
105.012,1
104.769,1
106.642,2
137.372,0
130.656,1
134.275,1
139.822,1
134.85,1
96.787,1
101.388,2
116.032,0
93.49,1
91.894,1
93.115,1
90.396,1
90.739,1
93.682,1
112.455,1
107.874,1
124.102,1
125.518,1
92.65,1
90.56499,1
90.711,1
90.329,1
89.787,1
89.652,1
89.673,1
89.689,1
89.667,1
89.579,1
92.23399,2
108.672,0
90.127,1
90.035,1
89.853,1
90.074,1
90.03,1
89.767,1
89.421,1
89.667,1
89.755,1
89.432,1
89.444,1
89.156,1
89.43,1
89.375,1
89.647,1
89.602,1
89.742,1
89.741,1
89.573,1
89.556,1
89.685,1
90.103,1
89.76499,1
90.05701,1
90.04,1
89.979,1
90.038,1
89.976,1
90.339,1
90.41901,1
91.363,1
92.12499,1
VERGNE
845.11,2
108.764,0
107.689,1
107.022,1
106.764,1
106.381,1
105.516,1
107.378,2
137.513,0
124.569,1
134.425,1
139.693,1
134.76,1
99.212,1
98.504,1
93.632,1
92.333,1
91.19299,1
90.69499,1
89.799,1
90.151,1
90.129,1
109.24,1
123.151,1
131.462,1
130.008,1
89.95,1
89.547,1
89.471,1
89.367,1
89.12,1
89.509,1
90.05801,1
93.839,2
109.794,0
90.01701,1
90.272,1
90.38901,1
90.161,1
90.754,1
90.218,1
90.827,1
90.047,1
90.079,1
90.48801,1
90.16199,1
90.064,1
89.79499,1
89.84,1
89.647,1
89.574,1
89.497,1
89.478,1
89.399,1
89.69299,1
89.44801,1
89.69399,1
89.536,1
89.462,1
89.896,1
89.597,1
89.72499,1
89.892,1
89.606,1
89.604,1
89.54,1
89.581,1
89.577,1
89.511,1
90.597,1
KVYAT
845.26,2
107.907,0
108.998,1
108.616,1
106.888,1
106.666,1
107.045,1
108.515,2
137.454,0
114.308,1
137.546,1
139.036,1
128.176,1
100.247,1
98.37701,1
95.481,1
94.06499,1
92.634,1
92.217,1
91.814,1
91.35201,1
91.31701,1
113.583,1
113.215,1
128.199,1
125.973,1
92.611,1
92.433,1
90.62599,1
94.004,2
109.82,0
89.752,1
90.864,1
90.031,1
90.022,1
91.044,1
91.154,1
90.41801,1
90.511,1
92.156,1
89.85901,1
91.076,1
89.841,1
89.826,1
89.822,1
89.56499,1
89.443,1
90.873,1
92.112,1
89.80701,1
89.401,1
89.87801,1
91.067,1
90.283,1
90.091,1
90.22499,1
90.01701,1
89.85001,1
89.982,1
90.93,1
92.313,1
90.98701,1
91.555,1
92.939,1
90.906,1
95.397,1
93.439,1
91.916,1
93.478,1
HULKENBERG
845.1,2
108.452,0
107.378,1
106.2,1
105.918,1
105.295,1
104.913,1
106.829,2
144.538,0
125.369,1
135.082,1
140.237,1
132.357,1
101.151,1
HAMILTON
845.24,2
107.776,0
109.381,1
105.005,1
105.419,1
104.794,1
104.377,1
109.213,2
133.703,0
123.423,1
138.586,1
139.149,1
128.966,1
97.865,1
98.546,1
93.77499,1
92.686,1
91.238,1
90.627,1
90.23599,1
89.911,1
90.114,1
110.699,1
123.563,1
130.026,1
128.959,1
90.493,1
89.608,1
89.178,1
89.59399,1
89.144,1
89.656,1
88.423,1
88.942,1
87.54,1
87.38,1
87.94801,1
88.09499,1
91.255,2
108.177,0
87.414,1
87.6,1
88.12299,1
88.463,1
88.424,1
88.06599,1
88.23499,1
88.62399,1
88.31701,1
88.20399,1
88.177,1
88.181,1
88.598,1
88.962,1
89.30701,1
88.394,1
87.999,1
87.962,1
87.48901,1
88.101,1
88.452,1
88.717,1
88.481,1
89.203,1
89.167,1
89.211,1
89.708,1
90.289,1
89.315,1
89.72299,1
BOTTAS
845.06,2
106.545,0
106.044,1
105.289,1
104.563,1
104.396,1
104.258,1
103.902,1
138.014,2
146.938,0
137.299,1
138.312,1
132.112,1
101.125,1
97.72599,1
95.386,1
93.553,1
92.20599,1
91.41,1
90.95,1
90.31701,1
90.108,1
113.664,2
127.898,0
122.844,1
125.397,1
92.853,1
93.248,1
91.079,1
90.433,1
92.144,1
89.639,1
89.942,1
89.779,1
90.092,1
89.73299,1
89.698,1
91.66599,1
89.731,1
89.52499,1
89.428,1
89.397,1
89.116,1
89.201,1
89.06,1
88.914,1
89.099,1
88.597,1
88.544,1
88.395,1
88.168,1
88.606,1
88.601,1
88.76299,1
89.278,1
89.153,1
89.555,1
89.89,1
92.885,2
107.109,0
86.914,1
87.327,1
86.85001,1
87.181,1
88.042,1
88.097,1
88.5,1
89.421,1
90.44901,1
89.961,1
SUTIL
845.14,2
109.914,0
108.545,1
108.162,1
107.376,1
106.617,1
105.608,1
109.692,2
146.578,0
115.118,1
137.735,1
138.956,1
128.284,1
100.287,1
97.76299,1
95.582,1
93.634,1
93.22199,1
92.435,1
91.42,1
91.211,1
91.037,1
113.791,1
113.408,1
128.434,1
126.173,1
92.32,1
90.95,1
91.267,1
91.655,1
90.597,1
90.373,1
90.004,1
90.021,1
90.103,1
89.545,1
89.896,1
90.019,1
92.904,2
108.995,0
88.70399,1
88.77,1
89.30901,1
89.599,1
89.38701,1
89.615,1
89.42,1
89.63499,1
89.552,1
89.33701,1
89.26499,1
89.562,1
89.271,1
89.69499,1
89.75999,1
89.671,1
89.787,1
89.343,1
89.715,1
90.009,1
89.90701,1
90.016,1
90.31701,1
90.16599,1
90.071,1
89.969,1
90.393,1
90.474,1
91.043,1
91.97701,1
