RICCIARDO
905.27,2
107.416,0
107.785,1
132.388,2
161.563,0
142.161,1
108.247,1
107.893,1
108.06,1
108.07,1
108.765,1
109.743,1
109.57,1
110.352,1
109.627,1
109.008,1
110.431,1
114.534,2
127.348,0
106.262,1
106.763,1
106.653,1
107.978,1
108.478,1
108.456,1
110.288,1
107.826,1
106.8,1
107.108,1
107.617,1
107.153,1
107.176,1
107.786,1
111.197,2
126.164,0
105.371,1
105.504,1
105.357,1
105.445,1
105.379,1
106.197,1
105.312,1
105.43,1
105.544,1
105.735,1
105.836,1
105.948,1
106.444,1
105.48,1
105.568,1
105.789,1
109.658,1
107.324,1
107.117,1
111.259,1
VETTEL
905.25,2
106.83,0
106.795,1
129.884,1
149.327,1
156.358,1
106.037,1
106.216,1
106.326,1
106.264,1
106.47,1
106.21,1
106.677,1
106.649,1
106.71,1
106.946,1
111.047,2
123.523,0
104.452,1
104.896,1
105.706,1
104.725,1
104.983,1
104.964,1
104.952,1
105.058,1
105.287,1
105.336,1
105.033,1
105.346,1
105.342,1
105.586,1
105.456,1
105.421,1
105.774,1
105.763,1
109.791,2
124.142,0
103.732,1
104.012,1
104.089,1
103.69,1
103.814,1
104.228,1
104.225,1
103.648,1
103.855,1
103.963,1
104.063,1
104.306,1
104.147,1
104.149,1
104.54,1
104.699,1
104.715,1
107.634,1
ROSBERG
905.26,2
107.18,0
107.014,1
132.99,2
165.795,0
140.879,1
108.861,1
107.441,1
107.524,1
107.92,1
108.73,1
108.493,1
108.081,1
106.481,1
106.257,1
106.258,1
106.11,1
106.699,1
106.379,1
106.568,1
107.11,1
107.078,1
107.295,1
107.571,1
107.658,1
111.325,2
124.09,0
104.655,1
104.065,1
104.441,1
104.255,1
104.065,1
104.478,1
104.604,1
104.509,1
104.497,1
104.553,1
105.564,1
105.218,1
105.241,1
108.839,2
121.041,0
102.062,1
102.552,1
103.199,1
103.59,1
103.082,1
102.704,1
102.65,1
102.907,1
104.351,1
103.359,1
103.923,1
103.966,1
104.108,1
104.898,1
RAIKKONEN
905.33,2
152.942,2
143.953,0
136.147,1
109.747,1
117.757,1
106.534,1
106.765,1
106.558,1
107.014,1
107.637,1
108.5,1
106.975,1
111.539,2
124.534,0
105.956,1
105.372,1
105.803,1
105.523,1
106.284,1
105.774,1
105.527,1
105.706,1
106.133,1
107.305,1
106.131,1
106.286,1
106.361,1
107.441,1
106.618,1
106.653,1
106.702,1
106.852,1
110.889,2
123.968,0
105.144,1
104.59,1
104.432,1
104.393,1
104.124,1
104.571,1
104.817,1
104.652,1
105.119,1
104.951,1
105.032,1
105.25,1
105.304,1
105.059,1
104.799,1
104.987,1
105.021,1
105.405,1
105.413,1
105.647,1
106.455,1
GROSJEAN
905.32,2
108.863,0
108.335,1
131.714,1
138.912,1
155.991,1
108.718,1
108.293,1
108.116,1
108.938,1
109.298,1
108.493,1
109.976,1
109.998,1
114.886,2
126.525,0
106.833,1
106.355,1
106.465,1
107.378,1
106.711,1
105.881,1
106.845,1
107.046,1
106.493,1
110.611,2
126.327,0
107.284,1
109.2,1
115.252,1
107.278,1
106.876,1
107.157,1
111.972,2
126.545,0
104.812,1
104.979,1
105.415,1
106.06,1
106.334,1
106.163,1
106.64,1
106.335,1
106.834,1
106.681,1
106.513,1
106.37,1
107.201,1
106.122,1
107.431,1
107.087,1
106.641,1
106.956,1
107.614,1
107.649,1
ERICSSON
905.31,2
108.815,0
108.76,1
PEREZ
905.35,2
110.469,0
109.372,1
133.331,1
138.317,1
150.464,1
111.547,1
111.899,1
109.473,1
109.21,1
108.948,1
109.035,1
109.918,1
110.011,1
109.898,1
110.919,1
115.579,2
127.099,0
106.425,1
106.827,1
106.863,1
107.084,1
107.259,1
107.383,1
107.313,1
107.594,1
107.963,1
107.952,1
109.328,1
110.724,1
108.446,1
107.799,1
107.796,1
108.09,1
112.359,2
136.53,0
105.345,1
107.494,1
108.117,1
106.645,1
106.098,1
106.918,1
106.511,1
106.542,1
107.823,1
107.384,1
107.044,1
107.664,1
106.785,1
107.176,1
106.707,1
106.753,1
107.046,1
107.461,1
107.553,1
NASR
905.34,2
116.091,2
139.849,0
139.657,1
139.609,1
125.467,1
108.77,1
108.651,1
107.333,1
107.268,1
107.897,1
108.26,1
108.224,1
108.648,1
109.515,1
109.503,1
110.513,1
108.755,1
112.096,1
113.289,2
127,0
105.54,1
106.404,1
106.896,1
106.975,1
107.515,1
107.219,1
107.147,1
107.853,1
112.875,2
127.677,0
106.297,1
106.26,1
107.134,1
106.655,1
106.958,1
106.923,1
106.077,1
105.983,1
106.267,1
106.332,1
107.31,1
113.051,2
124.221,0
103.902,1
104.829,1
105.945,1
105.214,1
104.635,1
105.175,1
104.855,1
104.447,1
104.452,1
105.295,1
105.666,1
MALDONADO
906.18,2
139.637,0
118.619,1
139.288,1
123.685,1
108.029,1
107.145,1
107.375,1
107.749,1
107.746,1
108.23,1
107.697,1
107.706,1
108.175,1
108.596,1
108.63,1
110.615,1
112.96,2
138.209,0
106.415,1
106.678,1
106.158,1
106.364,1
106.552,1
106.573,1
106.74,1
106.968,1
106.726,1
107.495,1
107.856,1
107.965,1
108.128,1
111.87,2
126.19,0
106.119,1
105.99,1
107.143,1
105.07,1
105.553,1
107.502,1
105.879,1
106.224,1
105.463,1
105.561,1
106.741,1
108.787,1
122.651,2
ALONSO
905.35,2
111.375,0
110.25,1
138.361,2
158.864,0
129.49,1
108.572,1
109.31,1
109.255,1
109.98,1
108.813,1
109.204,1
109.246,1
109.523,1
109.511,1
108.996,1
108.46,1
108.533,1
108.588,1
108.606,1
129.704,2
MASSA
905.29,2
108.147,0
108.158,1
133.18,2
159.599,0
141.718,1
108.566,1
107.38,1
108.251,1
108.478,1
108.623,1
109.279,1
109.255,1
109.009,1
108.93,1
107.34,1
107.085,1
107.653,1
107.695,1
107.67,1
108.114,1
107.898,1
108.078,1
112.639,2
125.761,0
105.944,1
106.305,1
106.678,1
105.73,1
106.04,1
105.591,1
105.802,1
105.827,1
106.051,1
105.612,1
105.476,1
105.64,1
108.948,2
126.478,0
103.99,1
104.462,1
104.496,1
104.522,1
104.516,1
104.563,1
104.471,1
104.956,1
104.935,1
104.78,1
104.645,1
105.295,1
105.45,1
105.581,1
106.018,1
108.594,1
107.734,1
BUTTON
905.35,2
110.898,0
110.469,1
143.593,2
166.724,0
120.991,1
108.321,1
108.381,1
108.576,1
109.181,1
109.002,1
108.804,1
108.87,1
109.019,1
109.728,1
109.554,1
109.555,1
109.438,1
110.118,1
109.109,1
114.608,2
127.332,0
107.087,1
107.273,1
107.357,1
107.521,1
106.906,1
107.264,1
107.156,1
107.397,1
107.536,1
107.37,1
107.43,1
107.683,1
112.277,2
127.021,0
106.234,1
106.056,1
106.349,1
119.513,1
163.347,2
KVYAT
905.29,2
108.496,0
108.076,1
133.743,2
163.662,0
137.591,1
108.538,1
108.717,1
108.23,1
108.967,1
108.299,1
108.299,1
108.787,1
110.055,1
109.559,1
109.032,1
109.436,1
108.582,1
109.063,1
109.611,1
112.21,2
126.136,0
105.747,1
106.636,1
108.436,1
113.732,1
106.594,1
107.731,1
107.955,1
106.577,1
107.016,1
106.901,1
106.665,1
106.862,1
107.11,1
107.124,1
107.126,1
107.38,1
111.137,2
126.319,0
104.514,1
104.835,1
104.61,1
104.814,1
104.64,1
104.757,1
105.437,1
105.044,1
104.747,1
105.124,1
105.129,1
107.729,1
106.114,1
106.182,1
106.719,1
HULKENBERG
905.3,2
108.795,0
108.853,1
132.191,1
137.958,1
157.061,1
108.511,1
108.362,1
108.24,1
108.502,1
109.396,1
108.871,1
109.391,1
110.336,1
113.114,2
128.999,0
108.835,1
108.666,1
108.291,1
108.101,1
108.424,1
107.825,1
107.67,1
109.149,1
108.632,1
110.042,1
108.211,1
109.608,1
108.611,1
110.966,1
112.505,2
127.188,0
106.534,1
106.973,1
106.237,1
106.425,1
106.298,1
106.691,1
106.287,1
106.779,1
106.442,1
106.615,1
107.095,1
112.249,2
135.553,0
104.822,1
105.23,1
105.087,1
104.927,1
105.444,1
105.515,1
104.912,1
105.558,1
106.511,1
107.604,1
VERSTAPPEN
905.32,2
109.284,0
109.185,1
134.497,2
162.1,0
134.01,1
108.271,1
108.517,1
107.786,1
107.683,1
108.896,1
109.516,1
108.867,1
109.731,1
109.488,1
109.045,1
109.234,1
108.432,1
108.557,1
112.373,2
126.689,0
106.495,1
106.793,1
106.449,1
106.492,1
105.998,1
105.979,1
106.055,1
106.612,1
106.12,1
106.188,1
106.487,1
106.262,1
109.094,1
107.088,1
107.232,1
107.552,1
107.933,1
107.557,1
114.152,2
124.425,0
104.579,1
105.071,1
105.402,1
105.132,1
104.72,1
104.839,1
105.62,1
105.489,1
105.093,1
105.365,1
105.395,1
106.027,1
105.822,1
106.793,1
106.311,1
HAMILTON
905.24,2
106.505,0
106.996,1
131.57,2
161.918,0
146.542,1
108.285,1
107.999,1
108.076,1
106.846,1
106.377,1
106.352,1
106.348,1
106.162,1
106.495,1
106.724,1
106.358,1
106.709,1
107.028,1
106.761,1
106.854,1
106.793,1
107.498,1
112.137,2
124.54,0
104.017,1
104.293,1
103.976,1
104.469,1
104.201,1
104.32,1
104.298,1
104.301,1
104.487,1
105.545,1
105.34,1
105.612,1
109.322,2
123.237,0
103.161,1
104.565,1
103.45,1
103.467,1
103.216,1
103.125,1
103.861,1
103.385,1
103.898,1
103.798,1
103.671,1
103.941,1
104.185,1
104.354,1
104.536,1
105.052,1
106.109,1
SAINZ
905.33,2
108.634,0
108.819,1
131.863,1
139.148,1
154.84,1
108.881,1
108.418,1
108.163,1
108.707,1
109.251,1
109.236,1
109.556,1
114.338,2
126.593,0
106.997,1
107.317,1
106.786,1
107.28,1
107.917,1
108.852,1
106.824,1
107.285,1
107.529,1
107.314,1
107.471,1
107.354,1
107.311,1
108.885,1
108.62,1
108.172,1
112.066,2
126.765,0
106.558,1
107.65,1
105.97,1
105.507,1
105.779,1
105.801,1
105.857,1
105.698,1
105.81,1
105.844,1
105.858,1
105.944,1
105.741,1
105.914,1
108.085,1
106.008,1
106.352,1
106.119,1
106.899,1
107.757,1
108.249,1
107.242,1
BOTTAS
905.34,2
110.281,0
107.384,1
134.568,2
160.8,0
134.617,1
108.19,1
109.95,1
107.066,1
106.679,1
108.019,1
109.285,1
109.083,1
109.598,1
108.639,1
107.903,1
107.319,1
107.791,1
108.042,1
107.976,1
107.792,1
108.08,1
108.304,1
109.205,1
113.996,2
124.96,0
105.195,1
105.351,1
105.389,1
107.386,1
105.614,1
105.923,1
105.995,1
106.945,1
105.233,1
105.302,1
105.206,1
105.32,1
105.026,1
109.347,2
123.551,0
104.088,1
104.099,1
104.226,1
104.384,1
104.386,1
104.283,1
104.523,1
104.444,1
104.599,1
104.767,1
104.863,1
105.644,1
105.787,1
106.518,1
106.36,1
MERHI
905.37,2
112.753,0
112.235,1
138.382,1
144.906,2
143.195,0
112.666,1
111.361,1
111.003,1
111.296,1
111.143,1
111.337,1
111.462,1
111.639,1
112.057,1
111.787,1
112.559,1
113.35,1
113.52,1
113.828,1
114.644,1
119.043,2
132.314,0
109.666,1
111.157,1
113.48,1
110.4,1
110.094,1
113.642,1
112.712,1
110.443,1
110.788,1
114.724,1
111.399,1
112.347,1
112.945,1
111.688,1
118.796,1
118.589,1
113.894,1
114.055,1
118.115,2
134.771,0
109.04,1
112.759,1
112.343,1
110.947,1
109.517,1
110.821,1
110.829,1
112.521,1
111.841,1
109.739,1
