VETTEL
660.1,2
138.366,2
916.7,2
87.556,0
79.12599,1
81.931,1
80.463,1
85.659,1
78.305,1
90.606,1
78.29499,1
1058.91,2
90.257,0
82.081,1
77.208,1
87.5,1
78.346,1
90.369,1
83.17599,1
91.355,1
89.24599,1
77.184,1
158.149,1
RICCIARDO
660.01,2
130.424,2
778.38,2
86.138,0
79.813,1
79.578,1
78.59599,1
85.381,1
78.52399,1
78.31001,1
80.703,1
106.944,2
696.7,2
86.894,0
78.961,1
76.80801,1
77.177,1
90.655,1
77.111,1
77.548,1
87.941,1
82.503,1
351.651,2
84.185,0
78.591,1
138.913,1
CHILTON
665.31,2
527.505,2
101.721,0
87.519,1
87.366,1
84.175,1
83.177,1
82.092,1
82.29399,1
81.689,1
582.7321,2
91.483,0
84.06,1
81.83,1
84.743,1
80.394,1
88.127,1
81.539,1
488.21,2
88.751,0
80.641,1
80.41,1
85.492,1
80.463,1
147.79,1
ROSBERG
662.27,2
91.335,0
84.41,1
79.213,1
78.143,1
77.73599,1
123.223,2
718.31,2
89.188,0
83.091,1
81.052,1
79.27299,1
78.111,1
85.27599,1
77.80901,1
82.316,1
77.35101,1
116.87,2
1017.03,2
90.99,0
85.29399,1
76.874,1
89.873,1
163.304,1
RAIKKONEN
660.18,2
107.007,0
555.803,2
91.199,0
80.373,1
79.45801,1
89.973,1
79.297,1
89.606,1
79.013,1
426.832,2
97.363,0
81.19299,1
79.074,1
79.09,1
89.731,1
119.396,2
961.42,2
100.855,0
84.473,1
85.787,1
90.718,1
77.44801,1
150.495,1
GROSJEAN
660.16,2
388.159,2
91.24599,0
86.627,1
82.604,1
81.153,1
86.73399,1
83.27,1
82.62599,1
80.511,1
615.88,2
91.075,0
79.251,1
78.77599,1
84.615,1
82.071,1
867.74,2
103.3,0
81.435,1
84,1
79.731,1
80.872,1
86.667,1
92.324,1
79.886,1
162.269,1
ERICSSON
660.57,2
102.072,0
87.53,1
83.955,1
83.445,1
82.604,1
601.77,2
97.01801,0
85.443,1
81.089,1
80.589,1
89.85001,1
702.61,2
93.974,0
86.29299,1
85.327,1
84.668,1
84.35101,1
84.02,1
84.561,1
84.344,1
84.37,1
84.411,1
87.69199,1
85.64,1
84.891,1
85.243,1
84.256,1
86.789,1
143.127,1
KOBAYASHI
661.19,2
94.604,0
85.95901,1
85.431,1
82.874,1
82.474,1
559.2971,2
91.967,0
81.145,1
80.709,1
86.52599,1
80.271,1
635.68,2
93.547,0
84.502,1
83.097,1
82.501,1
82.786,1
82.639,1
82.341,1
83.064,1
82.836,1
83.269,1
83.644,1
83.159,1
83.27499,1
88.825,1
84.214,1
91.06599,1
90.581,1
86.414,1
174.399,1
PEREZ
663.2,2
981.45,2
94.66499,0
80.98901,1
79.81801,1
79.353,1
79.139,1
86.384,1
83.154,1
79.34701,1
851.41,2
91.22199,0
77.72499,1
88.26199,1
78.285,1
78.683,1
94.963,1
93.38,1
77.86,1
106.207,1
93.30901,1
78.12099,1
156.08,1
MALDONADO
660.21,2
425.218,2
91.76099,0
84.747,1
81.383,1
85.467,1
80.687,1
82.345,1
80.27,1
637.79,2
88.364,0
81.412,1
79.897,1
83.66,1
80.152,1
86.381,1
79.839,1
605.27,2
86.951,0
79.118,1
81.816,1
80.954,1
83.26299,1
97.31001,1
87.586,1
88.408,1
79.577,1
165.046,1
ALONSO
660.12,2
106.314,0
673.28,2
89.54,0
82.502,1
79.365,1
78.862,1
88.077,1
78.727,1
118.327,2
613.76,2
87.077,0
79.385,1
78.454,1
876.53,2
89.562,0
77.428,1
87.984,1
82.65701,1
89.962,1
77.651,1
141.13,1
BIANCHI
660.09,2
814.46,2
98.169,0
82.80901,1
81.68999,1
81.646,1
92.144,1
81.473,1
80.58801,1
779.26,2
94.502,0
80.12299,1
79.455,1
90.653,1
79.539,1
461.254,2
92.105,0
83.984,1
78.872,1
88.376,1
79.085,1
99.339,1
135.36,1
MASSA
661.02,2
571.985,2
96.803,0
84.30701,1
79.631,1
86.564,1
79.152,1
79.211,1
483.883,2
90.484,0
82.498,1
82.061,1
81.944,1
81.31001,1
81.803,1
81.965,1
81.59,1
81.481,1
81.612,1
81.361,1
81.139,1
81.47,1
417.74,2
92.44,0
79.49599,1
85.866,1
80.788,1
87.911,1
78.542,1
138.579,1
MAGNUSSEN
663.05,2
92.062,0
82.568,1
79.73499,1
79.305,1
91.653,1
78.932,1
90.939,1
79.051,1
80.654,1
745.83,2
90.257,0
80.661,1
80.105,1
79.519,1
85.615,1
79.341,1
717.39,2
88.674,0
87.58,1
78.249,1
84.46,1
78.43,1
89.777,1
78.82,1
99.103,1
78.754,1
161.991,1
GUTIERREZ
660.48,2
96.871,0
469.006,2
90.55801,0
81.77499,1
90.182,1
80.869,1
80.708,1
93.428,1
80.28,1
618.92,2
88.965,0
80.12499,1
80.106,1
86.502,1
81.767,1
84.88801,1
103.23,2
541.906,2
101.03,0
79.66299,1
91.409,1
79.412,1
79.149,1
96.14,1
88.651,1
79.428,1
160.745,1
BUTTON
665.09,2
98.72599,0
82.437,1
87.23199,1
83.494,1
79.62599,1
88.48901,1
1581.36,2
97.05801,0
80.248,1
92.08701,1
79.452,1
216.038,2
95.915,0
78.26199,1
93.13499,1
92.79399,1
91.26599,1
79.75999,1
104.893,1
171.675,1
VERGNE
660.15,2
676.13,2
93.678,0
81.083,1
80.38901,1
79.614,1
79.212,1
88.37701,1
79.248,1
692.68,2
95.703,0
949.46,2
99.158,0
78.13599,1
84.116,1
78.19199,1
98.652,1
147.758,1
181.552,1
KVYAT
660.05,2
571.824,2
96.495,0
82.067,1
80.513,1
90.578,1
80.515,1
80.34,1
89.384,1
86.016,1
79.66,1
585.524,2
87.481,0
80.22399,1
80.02599,1
79.68999,1
87.73499,1
79.789,1
690.37,2
95.62099,0
86.239,1
78.16599,1
86.82,1
84.169,1
80.671,1
143.096,1
HULKENBERG
664.27,2
875.05,2
86.514,0
80.016,1
79.29299,1
84.48901,1
81.516,1
90.38801,1
79.66499,1
1021.28,2
87.709,0
78.717,1
78.074,1
98.26399,1
87.77299,1
80.66199,1
89.075,1
88.26399,1
78.73199,1
96.946,1
124.191,1
HAMILTON
662.45,2
91.434,0
85.787,1
79.586,1
87.304,1
86.09399,1
78.175,1
90.47701,1
78.238,1
88.014,1
80.99,1
85.608,1
77.866,1
133.07,2
796.72,2
90.19299,0
82.903,1
695.4901,2
93.376,0
81.646,1
76.758,1
90.016,1
84.098,1
89.927,1
90.66599,1
80.745,1
161.363,1
BOTTAS
660.19,2
646.37,2
88.184,0
81.967,1
83.973,1
79.789,1
85.01,1
79.55801,1
402.485,2
93.139,0
81.93,1
81.612,1
81.641,1
81.343,1
81.579,1
81.169,1
81.315,1
81.70499,1
81.248,1
81.432,1
81.514,1
82.072,1
433.551,2
100.403,0
78.76499,1
89.498,1
78.43,1
78.894,1
92.245,1
78.924,1
163.616,1
SUTIL
670.31,2
94.81001,0
84.44901,1
81.478,1
80.368,1
914.02,2
93.402,0
85.115,1
81.825,1
80.011,1
83.861,1
79.805,1
90.493,1
79.522,1
368.967,2
88.59499,0
83.237,1
79.258,1
95.562,1
78.598,1
92.892,1
78.943,1
81.55901,1
134.708,1
