VETTEL
RICCIARDO
850,2
87.644,0
103.664,1
87.554,1
87.539,1
95.603,2
823.03,0
86.509,1
102.665,1
102.59,2
829.12,0
91.27,1
91.63599,1
91.902,1
92.369,1
92.37801,1
91.973,1
92.23499,1
92.13499,1
91.815,1
91.826,1
91.939,1
91.969,1
93.73599,1
93.34801,1
101.773,1
91.75,1
91.863,1
91.843,1
91.87901,1
91.98801,1
92.282,1
92.143,1
95.452,2
121.654,0
91.708,1
90.06,1
102.953,2
CHILTON
842.59,2
110.899,2
1132.11,0
102.41,2
724.9901,0
92.35901,1
91.892,1
91.35801,1
102.815,2
496.366,0
91.148,1
104.215,2
714.21,0
94.89,1
94.29399,1
94.483,1
95.074,1
94.241,1
94.901,1
94.552,1
94.315,1
94.209,1
94.508,1
96.241,1
94.972,1
100.25,2
116.785,0
ROSBERG
850.16,2
102.904,0
110.748,1
87.522,1
117.419,1
87.301,1
111.298,1
93.608,2
903.44,0
85.973,1
106.657,2
774.25,2
146.531,0
90.94701,1
96.62599,1
90.70399,1
92.533,1
92.79499,1
93.91701,1
91.181,1
91.55901,1
92.406,1
92.301,1
92.779,1
91.68,1
95.911,1
91.435,1
91.444,1
91.716,1
98.12299,2
112.276,0
90.671,1
95.831,1
92.402,1
91.151,1
101.782,2
RAIKKONEN
852.48,2
95.22499,0
88.075,1
98.37,1
104.762,2
147.611,2
880.98,0
87.29599,1
100.427,1
98.22499,2
907.64,2
145.919,2
130.938,0
93.19299,1
92.31801,1
91.992,1
92.17,1
91.91701,1
92.386,1
93.131,1
92.416,1
92.355,1
92.69199,1
92.184,1
92.22199,1
92.727,1
96.978,2
113.549,0
91.22399,1
93.84701,1
91.846,1
91.48,1
103.804,2
GROSJEAN
842.29,2
90.574,0
95.703,1
95.091,1
90.13499,1
101.119,2
763.21,0
90.365,1
97.855,1
100.107,2
1178.38,0
92.5,1
97.01801,1
89.493,1
99.70499,2
674.9301,0
92.85901,1
92.76499,1
93.109,1
92.995,1
93.402,1
93.103,1
92.829,1
100.66,1
97.247,2
ERICSSON
841.56,2
99.717,0
94.406,1
107.555,2
956.57,0
91.586,1
99.876,1
102.027,2
996.44,0
96.032,1
95.41,1
95.038,1
95.258,1
95.354,1
95.34901,1
95.344,1
96.23399,1
95.77399,1
95.598,1
96.469,1
96.062,1
96.944,1
97.893,1
97.48901,1
103.586,2
118.371,0
94.672,1
94.482,1
95.172,1
94.81801,1
95.067,1
95.985,1
96.19099,1
95.495,1
95.24599,1
96.12299,1
95.85701,1
96.119,1
105.173,2
KOBAYASHI
842.5,2
102.09,0
93.637,1
102.358,1
92.41801,1
97.86,1
92.248,1
104.025,2
780.92,0
96.563,1
98.156,1
91.33801,1
100.948,1
101.062,2
1075.81,0
96.32,1
96.09499,1
96.075,1
95.29499,1
94.997,1
95.631,1
96.02299,1
96.607,1
96.504,1
97.675,1
97.33801,1
96.95901,1
96.668,1
98.946,1
96.805,1
97.716,1
98.607,1
97.34901,1
98.79499,1
106.107,2
169.678,0
94.713,1
101.444,2
PEREZ
851.06,2
93.72299,0
98.405,2
378.213,0
90.89,1
89.904,1
89.563,1
93.402,1
95.772,2
794.29,0
89.129,1
100.168,1
100.702,2
583.386,0
92.701,1
92.056,1
92.103,1
95.671,1
92.497,1
92.251,1
92.70599,1
93.19499,1
95.93,1
93.21,1
92.81701,1
92.995,1
92.964,1
96.549,2
148.785,0
94.064,1
98.81901,1
93.737,1
94.297,1
100.504,2
MALDONADO
842.56,2
89.27499,0
98.287,1
93.683,1
91.05701,1
101.42,2
728.71,0
87.866,1
116.173,1
90.325,1
97.76599,1
89.35001,1
100.385,2
571.731,0
94.108,1
93.32,1
92.868,1
93.749,1
93.167,1
92.999,1
93.05701,1
93.737,1
93.17599,1
92.73299,1
93.894,1
93.344,1
94.231,1
94.86,1
95.834,1
95.816,1
93.72499,1
94.286,1
93.934,1
100.731,2
129.607,0
92.354,1
92.091,1
92.29399,1
92.584,1
93.31701,1
93.48801,1
115.572,2
ALONSO
854.4901,2
88.012,0
96.885,1
94.467,1
104.38,2
965.5,0
87.12099,1
99.62199,1
87.401,1
104.845,2
137.241,2
634.31,2
142.913,2
138.525,2
117.168,0
92.37,1
92.64,1
93.06499,1
93.4,1
92.519,1
92.451,1
92.94901,1
92.86,1
92.885,1
92.892,1
93.72099,1
98.282,2
115.283,0
91.76499,1
96.612,2
115.962,0
91.479,1
104.626,2
BIANCHI
843.15,2
92.146,0
100.858,1
108.925,2
1326.38,0
89.991,1
108.407,2
1048.76,2
131.688,0
96.298,1
94.875,1
95.172,1
96.507,1
99.35201,2
123.898,0
99.438,1
93.874,1
94.015,1
93.98,1
93.782,1
93.772,1
94.611,1
94.12199,1
93.745,1
93.922,1
111.158,2
MASSA
856.27,2
89.188,0
96.927,1
89.12,1
96.845,2
1121.58,0
87.824,1
101.516,2
788.89,2
134.636,0
93.17599,1
93.54,1
92.994,1
93.469,1
92.81001,1
92.534,1
92.953,1
92.81901,1
93.376,1
93.245,1
93.797,1
93.894,1
100.083,2
121.738,0
91.202,1
91.399,1
91.81701,1
91.826,1
91.385,1
91.16,1
103.542,2
MAGNUSSEN
845.21,2
89.56599,0
88.815,1
94.932,1
89.019,1
88.97,1
99.76399,2
706.91,0
92.628,1
89.37701,1
90.133,1
103.15,2
598.582,0
98.113,1
87.928,1
101.776,1
87.788,1
99.174,2
776.9901,0
92.398,1
92.853,1
92.944,1
93.513,1
94.741,1
93.797,1
94.302,1
93.932,1
94.656,1
93.865,1
93.69299,1
93.653,1
97.15701,2
116.814,0
95.821,1
94.65701,1
93.628,1
118.799,2
GUTIERREZ
843.1,2
91.78,0
91.299,1
91.44801,1
98.579,2
617.26,0
92.047,1
98.064,1
90.386,1
101.786,2
945.55,0
101.448,1
89.105,1
110.458,1
89.834,1
107.13,2
963.64,0
94.27299,1
123.545,2
725.28,0
93.89,1
93.77599,1
95.415,1
101.596,2
BUTTON
845.31,2
91.687,0
88.703,1
100.207,1
97.52599,1
88.824,1
100.051,2
1587.68,0
87.811,1
101.99,1
101.284,2
854.05,0
92.835,1
93.149,1
92.7,1
93.35101,1
98.583,1
93.098,1
93.118,1
92.95901,1
93.25,1
93.071,1
96.805,2
113.045,0
92.77499,1
92.1,1
92.333,1
92.583,1
108.971,2
VERGNE
843.45,2
102.138,0
89.836,1
101.305,1
89.923,1
101.335,2
1043.05,0
89.956,1
98.188,2
624.46,0
88.24599,1
103.461,1
93.628,2
792.69,2
142.534,0
93.13499,1
93.35001,1
95.049,1
93.805,1
93.462,1
93.675,1
93.521,1
93.099,1
93.09499,1
93.467,1
93.491,1
93.65701,1
93.29099,1
96.789,2
KVYAT
844.1,2
89.767,0
102.298,1
89.675,1
101.369,2
1628.38,0
88.049,1
100.297,1
88.846,1
98.95801,2
651.77,2
127.559,0
92.33,1
92.98801,1
92.998,1
93.55,1
93.248,1
93.189,1
93.22499,1
93.643,1
94.29099,1
93.314,1
93.20499,1
94.339,1
93.396,1
93.345,1
97.572,2
113.312,0
92.13,1
92.84901,1
92.099,1
93.076,1
92.493,1
92.909,1
101.665,2
HULKENBERG
852.22,2
93.671,0
89.179,1
96.197,1
95.258,2
1141.39,0
88.074,1
98.05701,1
95.904,2
1022.79,0
93.229,1
92.798,1
93.06499,1
93.25999,1
92.781,1
93.22499,1
93.31901,1
92.97,1
93.062,1
92.787,1
96.55901,2
119.083,0
93.114,1
93.463,1
92.421,1
92.476,1
93.139,1
94.055,1
93.09299,1
92.646,1
102.047,2
HAMILTON
850.05,2
87.44801,0
104.437,1
87.061,1
108.095,1
102.545,2
1150.89,0
85.52399,1
100.998,2
928.33,2
142.842,0
91.385,1
91.743,1
91.038,1
91.999,1
90.584,1
90.63599,1
90.76099,1
91.216,1
91.891,1
91.043,1
91.187,1
91.078,1
90.869,1
91.334,1
99.999,1
91.341,1
91.064,1
95.899,2
138.075,0
90.874,1
89.678,1
102.783,2
BOTTAS
845.53,2
91.52599,0
99.684,1
91.053,1
91.012,1
94.741,2
608.55,0
91.62299,1
102.721,1
92.335,1
101.128,2
124.825,2
555.811,0
88.698,1
100.999,1
89.019,1
100.621,2
630.96,2
129.869,0
93.644,1
93.365,1
92.886,1
92.81001,1
93.433,1
93.641,1
93.45801,1
93.4,1
93.425,1
93.436,1
93.366,1
93.716,1
93.94,1
97.37901,2
SUTIL
848.52,2
1135.99,0
89.96,1
98.44901,1
90.203,1
98.649,1
89.244,1
101.368,2
500.504,0
88.284,1
99.895,1
89.12599,1
103.263,2
586.822,0
94.67,1
93.88701,1
93.829,1
93.85101,1
93.259,1
93.72499,1
93.956,1
95.29299,1
94.601,1
102.392,2
149.835,0
93.492,1
92.469,1
92.554,1
92.77299,1
99.085,1
93.31801,1
92.979,1
102.587,2
